input_data/soil_ldas_cal_depth3.asc
ncols 464
nrows 224
xllcorner -124.937500
yllcorner 25.062500
cellsize 0.125000
NODATA_value 0
[rows 84 to 111 of 224, columns 252 to 314 of 464]
1.421545 1.359922 1.294603 1.227489 1.153411 1.065815 0.957514 0.835088 0.702904 0.722363 0.729696 0.723642 0.705391 0.674852 0.630804 0.577581 0.471902 0.449215 0.426486 0.405314 0.384974 0.364695 0.343839 0.323803 0.262229 0.235259 0.211164 0.191277 0.173869 0.157279 0.140100 0.122915 0.108691 0.113438 0.116793 0.118392 0.118392 0.116793 0.113438 0.108691 0.109440 0.115854 0.121811 0.126641 0.600000 0.600000 0.000000 0.000000 0.000000 0.000000 0.000000 0.000000 0.000000 0.000000 0.000000 0.000000 0.000000 0.000000 0.600000 0.600000 0.600000 0.600000 0.600000
1.362488 1.331478 1.288470 1.238334 1.181769 1.118761 1.053335 1.001746 0.753859 0.755654 0.754772 0.746307 0.729589 0.705736 0.678056 0.655252 0.448314 0.436303 0.420305 0.402993 0.385585 0.368834 0.353814 0.342700 0.225922 0.214587 0.200114 0.185957 0.172881 0.160796 0.149930 0.141906 0.117091 0.118697 0.120447 0.121452 0.121452 0.120447 0.118697 0.117091 0.120147 0.123035 0.126878 0.130585 0.600000 0.000000 0.000000 0.000000 0.000000 0.000000 0.000000 0.000000 0.000000 0.000000 0.000000 0.000000 0.000000 0.000000 0.600000 0.600000 0.600000 0.600000 0.600000
1.337842 1.317640 1.289940 1.256541 1.219140 1.179990 1.143375 1.116271 0.805721 0.799504 0.791417 0.779312 0.763020 0.744041 0.725297 0.710831 0.437559 0.427869 0.415140 0.400599 0.385556 0.371266 0.358926 0.349536 0.201144 0.195383 0.187537 0.179066 0.170829 0.163282 0.156871 0.152221 0.124107 0.124645 0.125341 0.125790 0.125790 0.125341 0.124645 0.124107 0.129499 0.131063 0.133314 0.135761 0.600000 0.600000 0.000000 0.000000 0.000000 0.000000 0.000000 0.000000 0.000000 0.000000 0.000000 0.000000 0.000000 0.600000 0.600000 0.600000 0.600000 0.600000 0.600000
1.336211 1.321990 1.303503 1.281813 1.258422 1.235218 1.214492 1.198664 0.862884 0.851253 0.836662 0.819302 0.800199 0.781029 0.763761 0.750209 0.437244 0.427087 0.414168 0.399381 0.383960 0.369239 0.356418 0.346331 0.183271 0.180305 0.176384 0.171981 0.167525 0.163366 0.159805 0.157097 0.130411 0.130536 0.130711 0.130829 0.130829 0.130711 0.130536 0.130411 0.137362 0.138305 0.139608 0.141120 0.600000 0.600000 0.600000 0.000000 0.000000 0.000000 0.000000 0.000000 0.000000 0.000000 0.000000 0.000000 0.600000 0.600000 0.600000 0.600000 0.600000 0.600000 0.600000
1.349232 1.338771 1.325557 1.310960 1.296521 1.283543 1.272724 1.263986 0.930996 0.912967 0.889423 0.863138 0.836747 0.812396 0.791717 0.775746 0.447062 0.434592 0.418426 0.399889 0.380522 0.361914 0.345644 0.333098 0.168658 0.167683 0.166546 0.165148 0.163537 0.161878 0.160356 0.159104 0.136526 0.136392 0.136205 0.136078 0.136078 0.136205 0.136392 0.136526 0.144090 0.144591 0.145225 0.146059 0.600000 0.600000 0.600000 0.000000 0.000000 0.000000 0.000000 0.000000 0.000000 0.000000 0.000000 0.600000 0.600000 0.600000 0.600000 0.600000 0.600000 0.600000 0.600000
1.372712 1.363451 1.351753 1.340367 1.331411 1.325948 1.323454 1.321341 1.018311 0.989085 0.949773 0.908064 0.868681 0.834052 0.805743 0.785061 0.469772 0.452478 0.429103 0.402572 0.375035 0.348246 0.324469 0.306865 0.154803 0.155880 0.157456 0.158770 0.159568 0.159929 0.160023 0.159950 0.142836 0.142278 0.141560 0.141097 0.141097 0.141560 0.142278 0.142836 0.150065 0.150051 0.150015 0.150271 0.150930 0.600000 0.600000 0.000000 0.000000 0.000000 0.000000 0.000000 0.000000 0.000000 0.600000 0.600000 0.166000 0.166000 0.600000 0.600000 0.600000 0.600000 0.600000
1.406087 1.393098 1.377958 1.366288 1.360609 1.362051 1.369837 1.378013 1.139622 1.084782 1.015790 0.950207 0.892426 0.842518 0.800930 0.771391 0.512072 0.483814 0.446619 0.407398 0.367806 0.328014 0.289820 0.260639 0.139328 0.143713 0.148938 0.153201 0.156267 0.158420 0.159956 0.160935 0.149865 0.148213 0.146423 0.145400 0.145400 0.146423 0.148213 0.149865 0.155736 0.154826 0.153882 0.153547 0.600000 0.600000 0.600000 0.600000 0.000000 0.000000 0.000000 0.000000 0.600000 0.166000 0.166000 0.166000 0.166000 0.166000 0.600000 0.600000 0.600000 0.600000 0.600000
1.451247 1.421423 1.398272 1.384724 1.380913 1.388040 1.408376 1.440468 1.314509 1.185051 1.071934 0.981769 0.907174 0.841723 0.780590 0.725147 0.583372 0.522481 0.464507 0.412124 0.361392 0.308108 0.248237 0.184648 0.119840 0.132327 0.142269 0.149190 0.154044 0.157638 0.160582 0.163105 0.158266 0.153432 0.150038 0.148424 0.148424 0.150038 0.153432 0.158266 0.161472 0.158545 0.156513 0.155693 0.155984 0.157296 0.600000 0.600000 0.600000 0.600000 0.600000 0.166000 0.166000 0.166000 0.166000 0.166000 0.166000 0.166000 0.166000 0.166000 0.600000 0.600000 0.600000
1.495400 1.495400 1.495400 1.495400 1.495400 1.495400 1.495400 1.495400 1.375011 1.281229 1.191163 1.109627 1.031535 0.951556 0.864763 0.775643 0.590080 0.533030 0.477463 0.425884 0.374636 0.319673 0.256990 0.189807 0.123275 0.138098 0.149844 0.157810 0.162947 0.165974 0.167329 0.167357 0.166000 0.166000 0.166000 0.166000 0.166000 0.166000 0.166000 0.166000 0.166000 0.166000 0.166000 0.166000 0.166000 0.166000 0.166000 0.166000 0.166000 0.166000 0.166000 0.166000 0.166000 0.166000 0.166000 0.166000 0.166000 0.166000 0.166000 0.166000 0.500000 0.500000 0.600000
1.495400 1.495400 1.495400 1.495400 1.495400 1.495400 1.495400 1.495400 1.268528 1.223251 1.163636 1.100643 1.037598 0.975595 0.917713 0.874040 0.526526 0.499161 0.462792 0.423630 0.383239 0.341926 0.301789 0.270938 0.146278 0.151695 0.158108 0.163270 0.166759 0.168777 0.169690 0.170019 0.166000 0.166000 0.166000 0.166000 0.166000 0.166000 0.166000 0.166000 0.166000 0.166000 0.166000 0.166000 0.166000 0.166000 0.166000 0.166000 0.166000 0.166000 0.166000 0.166000 0.166000 0.166000 0.166000 0.166000 0.500000 0.166000 0.500000 0.500000 0.500000 0.500000 0.500000
1.495400 1.495400 1.495400 1.495400 1.495400 1.495400 1.495400 1.495400 1.208419 1.177943 1.137170 1.090920 1.043186 0.997384 0.957311 0.927381 0.491249 0.473587 0.449738 0.422345 0.393516 0.365147 0.339777 0.320928 0.164377 0.166180 0.168663 0.170844 0.172311 0.173067 0.173330 0.173400 0.166000 0.166000 0.166000 0.166000 0.166000 0.166000 0.166000 0.166000 0.166000 0.166000 0.166000 0.166000 0.166000 0.166000 0.166000 0.166000 0.166000 0.166000 0.166000 0.166000 0.500000 0.500000 0.500000 0.500000 0.500000 0.500000 0.500000 0.500000 0.500000 0.500000 0.500000
1.495400 1.495400 1.495400 1.495400 1.495400 1.495400 1.495400 1.495400 1.181792 1.155960 1.122679 1.084536 1.044763 1.006739 0.973635 0.947932 0.475602 0.461937 0.444241 0.423858 0.402452 0.381810 0.363727 0.349782 0.180111 0.179928 0.179782 0.179472 0.178939 0.178250 0.177541 0.176949 0.166000 0.166000 0.166000 0.166000 0.166000 0.166000 0.166000 0.166000 0.166000 0.166000 0.166000 0.166000 0.166000 0.166000 0.166000 0.166000 0.166000 0.166000 0.166000 0.166000 0.500000 0.500000 0.500000 0.500000 0.500000 0.500000 0.500000 0.500000 0.500000 0.500000 0.500000
1.495400 1.495400 1.495400 1.495400 1.495400 1.495400 1.495400 1.495400 1.181093 1.154935 1.121180 1.082415 1.041874 1.002982 0.969037 0.942741 0.473780 0.461535 0.445830 0.427898 0.409301 0.391647 0.376353 0.364408 0.195814 0.193889 0.191312 0.188507 0.185803 0.183403 0.181427 0.179939 0.166000 0.166000 0.166000 0.166000 0.166000 0.166000 0.166000 0.166000 0.166000 0.166000 0.166000 0.166000 0.166000 0.166000 0.166000 0.166000 0.166000 0.166000 0.166000 0.166000 0.500000 0.500000 0.500000 0.500000 0.500000 0.500000 0.500000 0.500000 0.500000 0.500000 0.500000
0.500000 0.500000 0.500000 0.500000 0.500000 1.495400 1.495400 1.495400 1.206593 1.175139 1.132928 1.084797 1.034704 0.986111 0.943179 0.911160 0.484111 0.470905 0.453398 0.433758 0.413850 0.395214 0.379274 0.367296 0.213654 0.209321 0.203456 0.197454 0.192053 0.187517 0.183940 0.181400 0.166000 0.166000 0.166000 0.166000 0.166000 0.166000 0.166000 0.166000 0.166000 0.166000 0.166000 0.166000 0.166000 0.166000 0.166000 0.166000 0.166000 0.166000 0.166000 0.500000 0.500000 0.500000 0.500000 0.500000 0.500000 0.500000 0.500000 0.500000 0.500000 0.500000 0.500000
0.500000 0.500000 0.500000 0.500000 0.500000 0.500000 1.495400 1.495400 1.266338 1.219306 1.157254 1.091195 1.024203 0.957137 0.893315 0.844636 0.508599 0.489955 0.465667 0.440481 0.416045 0.393050 0.372611 0.357547 0.236567 0.227342 0.215970 0.205609 0.196919 0.189757 0.184004 0.180006 0.166000 0.166000 0.166000 0.166000 0.166000 0.166000 0.166000 0.166000 0.166000 0.500000 0.166000 0.166000 0.166000 0.166000 0.166000 0.166000 0.166000 0.500000 0.500000 0.500000 0.500000 0.500000 0.500000 0.500000 0.500000 0.500000 0.500000 0.500000 0.500000 0.500000 0.500000
0.500000 0.500000 0.500000 0.500000 0.500000 0.500000 1.495400 1.495400 1.373250 1.276467 1.183213 1.097833 1.014678 0.927727 0.831163 0.729637 0.551564 0.513598 0.477708 0.446003 0.416801 0.388509 0.359816 0.332160 0.268016 0.245376 0.226249 0.211619 0.200074 0.190429 0.181809 0.174222 0.166000 0.166000 0.166000 0.166000 0.166000 0.166000 0.166000 0.166000 0.166000 0.500000 0.500000 0.500000 0.166000 0.166000 0.500000 0.500000 0.500000 0.500000 0.500000 0.500000 0.500000 0.500000 0.500000 0.500000 0.500000 0.500000 0.500000 0.500000 0.500000 0.500000 0.500000
0.500000 0.500000 0.500000 0.500000 0.500000 0.500000 0.500000 1.495722 1.365216 1.262703 1.164913 1.076749 0.992642 0.906867 0.814112 0.718814 0.544336 0.502349 0.464254 0.432189 0.404015 0.377810 0.352067 0.327776 0.272364 0.252271 0.234743 0.220663 0.208804 0.198080 0.187626 0.177667 0.166000 0.166000 0.166000 0.166000 0.166000 0.166000 0.166000 0.166000 0.166000 0.500000 0.500000 0.500000 0.500000 0.500000 0.500000 0.500000 0.500000 0.500000 0.500000 0.500000 0.500000 0.500000 0.500000 0.500000 0.500000 0.500000 0.500000 0.500000 0.500000 0.500000 0.500000
0.500000 0.500000 0.500000 0.500000 0.500000 0.500000 0.500000 1.496129 1.250446 1.200669 1.135388 1.066725 0.998267 0.931141 0.868563 0.821306 0.492870 0.473527 0.448797 0.424171 0.401242 0.380387 0.362287 0.349125 0.245855 0.237265 0.226491 0.216225 0.207064 0.198956 0.191979 0.186929 0.166000 0.166000 0.166000 0.166000 0.166000 0.166000 0.166000 0.166000 0.166000 0.166000 0.500000 0.500000 0.500000 0.500000 0.500000 0.500000 0.500000 0.500000 0.500000 0.500000 0.500000 0.500000 0.500000 0.500000 0.500000 0.500000 0.500000 0.500000 0.500000 0.500000 0.500000
0.500000 0.500000 0.500000 0.500000 0.500000 0.500000 0.500000 1.496532 1.185104 1.151513 1.106539 1.055610 1.003161 0.952939 0.909071 0.876350 0.460058 0.447889 0.431659 0.413858 0.396297 0.380230 0.366713 0.356679 0.227423 0.222906 0.216816 0.210348 0.204202 0.198727 0.194191 0.190896 0.166000 0.166000 0.166000 0.166000 0.166000 0.166000 0.166000 0.166000 0.166000 0.500000 0.500000 0.500000 0.500000 0.500000 0.500000 0.500000 0.500000 0.500000 0.500000 0.500000 0.500000 0.500000 0.500000 0.500000 0.500000 0.500000 0.500000 0.500000 0.500000 0.500000 0.500000
0.500000 0.500000 0.500000 0.500000 0.500000 0.500000 0.500000 1.496956 1.155951 1.127320 1.090323 1.047886 1.003650 0.961404 0.924690 0.896268 0.440488 0.430688 0.418007 0.403606 0.388804 0.374869 0.362884 0.353594 0.214099 0.211469 0.208010 0.204141 0.200248 0.196646 0.193585 0.191248 0.166000 0.166000 0.166000 0.166000 0.166000 0.166000 0.166000 0.166000 0.166000 0.500000 0.500000 0.500000 0.500000 0.500000 0.500000 0.500000 0.500000 0.500000 0.500000 0.500000 0.500000 0.500000 0.500000 0.500000 0.500000 0.500000 0.500000 0.500000 0.500000 0.500000 0.500000
0.500000 0.500000 0.500000 0.500000 0.500000 0.500000 0.500000 0.500000 1.155105 1.125943 1.088176 1.044734 0.999261 0.955617 0.917548 0.888163 0.430694 0.421178 0.408870 0.394558 0.379354 0.364546 0.351497 0.341436 0.203514 0.202080 0.200285 0.198112 0.195684 0.193227 0.191007 0.189261 0.166000 0.166000 0.166000 0.166000 0.166000 0.166000 0.166000 0.166000 0.400000 0.500000 0.500000 0.500000 0.500000 0.500000 0.500000 0.500000 0.500000 0.500000 0.500000 0.500000 0.500000 0.500000 0.500000 0.500000 0.500000 0.500000 0.500000 0.500000 0.500000 0.500000 0.500000
0.500000 0.500000 0.500000 0.500000 0.500000 0.500000 0.500000 0.500000 1.183058 1.147858 1.100529 1.046532 0.990256 0.935532 0.887065 0.850966 0.430217 0.419406 0.404796 0.387521 0.368714 0.349657 0.332254 0.319238 0.194211 0.193902 0.193512 0.192596 0.191076 0.189140 0.187151 0.185579 0.166000 0.166000 0.166000 0.166000 0.166000 0.166000 0.400000 0.400000 0.400000 0.500000 0.500000 0.500000 0.500000 0.500000 0.500000 0.500000 0.500000 0.500000 0.500000 0.500000 0.500000 0.500000 0.500000 0.500000 0.500000 0.500000 0.500000 0.500000 0.500000 0.500000 0.500000
0.500000 0.500000 0.500000 0.500000 0.500000 0.500000 0.500000 0.500000 1.248645 1.195952 1.126580 1.052791 0.977825 0.902473 0.830342 0.775063 0.441181 0.426318 0.406066 0.383070 0.358025 0.331195 0.304177 0.282972 0.185018 0.186444 0.187763 0.187988 0.187015 0.185044 0.182489 0.180283 0.166000 0.166000 0.166000 0.166000 0.166000 0.166000 0.400000 0.400000 0.400000 0.500000 0.500000 0.500000 0.500000 0.500000 0.500000 0.500000 0.500000 0.500000 0.500000 0.500000 0.500000 0.500000 0.500000 0.500000 0.500000 0.500000 0.500000 0.500000 0.500000 0.500000 0.500000
0.500000 0.500000 0.500000 0.500000 0.500000 0.500000 0.500000 0.500000 1.365599 1.257794 1.154289 1.059446 0.966818 0.869567 0.760971 0.645832 0.467226 0.438992 0.409812 0.380683 0.349741 0.314702 0.273037 0.226811 0.174944 0.180303 0.183637 0.184775 0.184117 0.181871 0.178056 0.173111 0.166000 0.166000 0.166000 0.166000 0.166000 0.400000 0.400000 0.400000 0.500000 0.500000 0.500000 0.500000 0.500000 0.500000 0.500000 0.500000 0.500000 0.500000 0.500000 0.500000 0.500000 0.500000 0.500000 0.500000 0.500000 0.500000 0.500000 0.500000 0.500000 0.500000 0.500000
0.500000 0.500000 0.500000 0.500000 0.500000 0.500000 0.500000 0.500000 1.390537 1.289891 1.184427 1.082720 0.981357 0.875050 0.758737 0.640483 0.507365 0.503143 0.488840 0.464700 0.430688 0.385492 0.326705 0.258373 0.175449 0.181723 0.186005 0.187694 0.187037 0.184232 0.179449 0.173581 0.166000 0.166000 0.166000 0.166000 0.166000 0.400000 0.400000 0.500000 0.500000 0.500000 0.500000 0.500000 0.500000 0.500000 0.500000 0.500000 0.500000 0.500000 0.500000 0.500000 0.500000 0.500000 0.500000 0.500000 0.500000 0.500000 0.500000 0.500000 0.500000 0.500000 0.500000
0.500000 0.500000 0.500000 0.500000 0.500000 0.500000 0.500000 0.500000 1.282772 1.229430 1.156984 1.078480 0.998266 0.917733 0.841226 0.784153 0.526657 0.518153 0.503705 0.481539 0.451927 0.416067 0.377425 0.346199 0.187298 0.189330 0.191380 0.192070 0.191107 0.188677 0.185375 0.182545 0.166000 0.166000 0.166000 0.400000 0.400000 0.400000 0.500000 0.500000 0.500000 0.500000 0.500000 0.500000 0.500000 0.500000 0.500000 0.500000 0.500000 0.500000 0.500000 0.500000 0.500000 0.500000 0.500000 0.500000 0.500000 0.500000 0.500000 0.500000 0.500000 0.500000 0.500000
0.500000 0.500000 0.500000 0.500000 0.500000 0.500000 0.500000 0.500000 0.500000 1.176537 1.129131 1.075488 1.020323 0.967288 0.920994 0.888143 0.557171 0.544862 0.528289 0.506604 0.480639 0.452573 0.425970 0.405708 0.199065 0.199155 0.199261 0.198695 0.197221 0.195012 0.192567 0.400000 0.400000 0.400000 0.400000 0.400000 0.400000 0.400000 0.500000 0.500000 0.500000 0.500000 0.500000 0.500000 0.500000 0.500000 0.500000 0.500000 0.500000 0.500000 0.500000 0.500000 0.500000 0.500000 0.500000 0.500000 0.500000 0.500000 0.500000 0.500000 0.500000 0.500000 0.500000
0.500000 0.500000 0.500000 0.500000 0.500000 0.500000 0.500000 0.500000 0.500000 0.500000 0.500000 1.077459 1.042514 1.010208 0.983069 0.963311 0.599686 0.583500 0.562745 0.538204 0.511611 0.485337 0.461986 0.443876 0.211439 0.210379 0.209004 0.207171 0.204901 0.400000 0.400000 0.400000 0.400000 0.400000 0.400000 0.400000 0.400000 0.500000 0.500000 0.500000 0.500000 0.500000 0.500000 0.500000 0.500000 0.500000 0.500000 0.500000 0.500000 0.500000 0.500000 0.500000 0.500000 0.500000 0.500000 0.500000 0.500000 0.500000 0.500000 0.500000 0.500000 0.500000 0.500000
