input_data/soil_ldas_cal_depth3.asc
ncols 464
nrows 224
xllcorner -124.937500
yllcorner 25.062500
cellsize 0.125000
NODATA_value 0
[rows 28 to 55 of 224, columns 252 to 314 of 464]
1.000000 1.000000 1.000000 1.000000 1.000000 1.000000 1.000000 1.000000 1.000000 1.000000 1.000000 1.000000 1.000000 1.000000 1.000000 1.000000 1.000000 1.000000 1.000000 1.000000 1.000000 1.000000 1.000000 1.000000 1.000000 1.000000 1.000000 1.000000 1.000000 1.000000 1.000000 1.000000 1.000000 1.000000 1.000000 1.000000 1.000000 1.000000 0.000000 1.000000 0.000000 0.000000 1.000000 1.000000 1.000000 1.000000 1.000000 1.000000 1.000000 1.000000 1.000000 1.000000 1.000000 1.000000 1.000000 1.000000 1.000000 1.000000 1.000000 1.000000 1.000000 1.000000 1.000000
1.000000 1.000000 1.000000 1.000000 1.000000 1.000000 1.000000 1.000000 1.000000 1.000000 1.000000 1.000000 1.000000 1.000000 1.000000 1.000000 1.000000 1.000000 1.000000 1.000000 1.000000 1.000000 1.000000 1.000000 1.000000 1.000000 1.000000 1.000000 1.000000 1.000000 1.000000 1.000000 1.000000 1.000000 1.000000 1.000000 1.000000 1.000000 1.000000 1.000000 1.000000 1.000000 1.000000 1.000000 1.000000 1.000000 1.000000 1.000000 1.000000 1.000000 1.000000 1.000000 1.000000 1.000000 1.000000 1.000000 1.000000 1.000000 1.000000 1.000000 1.000000 1.000000 1.000000
1.000000 1.000000 1.000000 1.000000 1.000000 1.000000 1.000000 1.000000 1.000000 1.000000 1.000000 1.000000 1.000000 1.000000 1.000000 1.000000 1.000000 1.000000 1.000000 1.000000 1.000000 1.000000 1.000000 1.000000 1.000000 1.000000 1.000000 1.000000 1.000000 1.000000 1.000000 1.000000 1.000000 1.000000 1.000000 1.000000 1.000000 1.000000 1.000000 1.000000 1.000000 1.000000 1.000000 1.000000 1.000000 1.000000 1.000000 1.000000 1.000000 1.000000 1.000000 1.000000 1.000000 1.000000 1.000000 1.000000 1.000000 1.000000 1.000000 1.000000 1.000000 1.000000 1.000000
1.000000 1.000000 1.000000 1.000000 1.000000 1.000000 1.000000 1.000000 1.000000 1.000000 1.000000 1.000000 1.000000 1.000000 1.000000 1.000000 1.000000 1.000000 1.000000 1.000000 1.000000 1.000000 1.000000 1.000000 1.000000 1.000000 1.000000 1.000000 1.000000 1.000000 1.000000 1.000000 1.000000 1.000000 1.000000 1.000000 1.000000 1.000000 1.000000 1.000000 1.000000 1.000000 1.000000 1.000000 1.000000 1.000000 1.000000 1.000000 1.000000 1.000000 1.000000 1.000000 1.000000 1.000000 1.000000 1.000000 1.000000 1.000000 1.000000 1.000000 1.000000 1.000000 1.000000
1.000000 1.000000 1.000000 1.000000 1.000000 1.000000 1.000000 1.000000 1.000000 1.000000 1.000000 1.000000 1.000000 1.000000 1.000000 1.000000 1.000000 1.000000 1.000000 1.000000 1.000000 1.000000 1.000000 1.000000 1.000000 1.000000 1.000000 1.000000 1.000000 1.000000 1.000000 1.000000 1.000000 1.000000 1.000000 1.000000 1.000000 1.000000 1.000000 1.000000 1.000000 1.000000 0.000000 0.000000 1.000000 1.000000 1.000000 1.000000 1.000000 1.000000 1.000000 1.000000 1.000000 1.000000 1.000000 1.000000 1.000000 1.000000 1.000000 1.000000 1.000000 1.000000 1.000000
1.000000 0.000000 1.000000 1.000000 1.000000 1.000000 1.000000 1.000000 1.000000 1.000000 1.000000 1.000000 1.000000 1.000000 1.000000 1.000000 1.000000 1.000000 1.000000 1.000000 1.000000 1.000000 1.000000 1.000000 0.000000 1.000000 1.000000 1.000000 1.000000 1.000000 1.000000 0.000000 1.000000 1.000000 1.000000 1.000000 1.000000 1.000000 1.000000 1.000000 0.000000 1.000000 1.000000 0.000000 1.000000 1.000000 1.000000 0.000000 1.000000 1.000000 1.000000 1.000000 1.000000 1.000000 1.000000 1.000000 1.000000 1.000000 1.000000 1.000000 1.000000 1.000000 1.000000
1.000000 0.000000 0.000000 1.000000 0.000000 1.000000 1.000000 1.000000 1.000000 1.000000 1.000000 1.000000 1.000000 1.000000 1.000000 1.000000 1.000000 1.000000 1.000000 1.000000 1.000000 1.000000 1.000000 1.000000 1.000000 1.000000 1.000000 1.000000 1.000000 1.000000 1.000000 1.000000 1.000000 1.000000 1.000000 1.000000 1.000000 1.000000 1.000000 1.000000 0.000000 1.000000 1.000000 0.000000 0.000000 0.000000 0.000000 0.000000 0.000000 0.000000 0.000000 0.000000 0.000000 0.000000 0.000000 0.000000 0.000000 1.000000 1.000000 1.000000 1.000000 1.000000 1.000000
0.600000 0.600000 0.600000 0.600000 0.600000 0.000000 0.000000 1.000000 1.000000 1.000000 1.000000 1.000000 1.000000 1.000000 1.000000 1.000000 1.000000 1.000000 1.000000 1.000000 1.000000 1.000000 1.000000 1.000000 1.000000 1.000000 1.000000 1.000000 1.000000 1.000000 1.000000 1.000000 1.000000 1.000000 1.000000 1.000000 1.000000 1.000000 1.000000 0.000000 1.000000 0.000000 0.000000 0.000000 0.000000 0.000000 0.000000 0.000000 0.000000 0.000000 0.000000 0.000000 0.000000 0.000000 0.000000 0.000000 0.000000 0.000000 1.000000 1.000000 1.000000 1.000000 1.000000
0.600000 0.600000 0.600000 0.600000 0.600000 0.600000 0.600000 0.600000 1.000000 1.000000 1.000000 1.000000 1.000000 1.000000 1.000000 1.000000 1.000000 1.000000 1.000000 1.000000 1.000000 1.000000 1.000000 1.000000 1.000000 1.000000 1.000000 1.000000 1.000000 1.000000 1.000000 1.000000 1.000000 1.000000 0.000000 0.000000 0.000000 1.000000 0.000000 0.000000 0.000000 0.000000 0.000000 0.000000 0.000000 0.000000 0.000000 0.000000 0.000000 0.000000 0.000000 0.000000 0.000000 0.000000 0.000000 0.000000 0.000000 0.000000 1.000000 1.000000 1.000000 1.000000 1.000000
0.600000 0.600000 0.600000 0.600000 0.600000 0.600000 0.600000 0.600000 0.600000 0.600000 0.600000 0.000000 1.000000 1.000000 1.000000 1.000000 1.000000 1.000000 1.000000 1.000000 1.000000 1.000000 1.000000 1.000000 1.000000 1.000000 1.000000 1.000000 1.000000 1.000000 1.000000 1.000000 1.000000 1.000000 0.000000 0.000000 0.000000 0.000000 0.000000 0.000000 0.000000 0.000000 0.000000 0.000000 0.000000 0.000000 0.000000 0.000000 0.000000 0.000000 0.000000 0.000000 0.000000 0.000000 0.000000 0.000000 0.000000 0.000000 0.000000 1.000000 1.000000 1.000000 1.000000
0.600000 0.600000 0.600000 0.600000 0.600000 0.600000 0.600000 0.600000 0.600000 0.600000 0.600000 0.600000 0.600000 0.600000 1.000000 1.000000 1.000000 1.000000 1.000000 0.600000 0.600000 0.600000 1.000000 1.000000 1.000000 1.000000 1.000000 1.000000 1.000000 1.000000 1.000000 1.000000 1.000000 1.000000 0.000000 0.000000 0.000000 0.000000 0.000000 0.000000 0.000000 0.000000 0.000000 0.000000 0.000000 0.000000 0.000000 0.000000 0.000000 0.000000 0.000000 0.000000 0.000000 0.000000 0.000000 0.000000 0.000000 0.000000 0.000000 1.000000 1.000000 1.000000 1.000000
0.600000 0.600000 0.600000 0.600000 0.600000 0.600000 0.600000 0.600000 0.600000 0.600000 0.600000 0.600000 0.600000 0.600000 0.600000 0.600000 0.600000 0.600000 0.600000 0.600000 0.600000 0.600000 0.600000 0.600000 0.600000 0.600000 0.600000 0.600000 1.000000 0.600000 0.600000 1.000000 0.000000 0.000000 0.000000 0.000000 0.000000 0.000000 0.600000 0.000000 0.000000 0.000000 0.000000 0.000000 0.000000 0.000000 0.000000 0.000000 0.000000 0.000000 0.000000 0.000000 0.000000 0.000000 0.000000 0.000000 0.000000 0.000000 0.000000 0.000000 1.000000 1.000000 1.000000
0.600000 0.600000 0.600000 0.600000 0.600000 0.600000 0.600000 0.600000 0.600000 0.600000 0.600000 0.600000 0.600000 0.600000 0.600000 0.600000 0.600000 0.600000 0.600000 0.600000 0.600000 0.600000 0.600000 0.600000 0.600000 0.600000 0.600000 0.600000 0.600000 0.600000 0.600000 0.000000 0.000000 0.000000 0.000000 0.600000 0.600000 0.000000 0.000000 0.000000 0.000000 0.000000 0.000000 0.000000 0.000000 0.000000 0.000000 0.000000 0.000000 0.000000 0.000000 0.000000 0.000000 0.000000 0.000000 0.000000 0.000000 0.000000 0.000000 0.000000 0.000000 0.000000 1.000000
0.600000 0.600000 0.600000 0.600000 0.600000 0.600000 0.600000 0.600000 0.600000 0.600000 0.600000 0.600000 0.600000 0.600000 0.600000 0.600000 0.600000 0.600000 0.600000 0.600000 0.600000 0.600000 0.600000 0.600000 0.600000 0.600000 0.600000 0.600000 0.000000 0.000000 0.000000 0.000000 0.000000 0.000000 0.000000 0.000000 0.000000 0.000000 0.000000 0.000000 0.000000 0.000000 0.000000 0.000000 0.000000 0.000000 0.000000 0.000000 0.000000 0.000000 0.000000 0.000000 0.000000 0.000000 0.000000 0.000000 0.000000 0.000000 0.000000 0.000000 0.000000 0.000000 0.000000
0.600000 0.600000 0.600000 0.600000 0.600000 0.600000 0.600000 0.600000 0.600000 0.600000 0.600000 0.600000 0.600000 0.600000 0.600000 0.600000 0.600000 0.600000 0.600000 0.600000 0.600000 0.600000 0.600000 0.600000 0.000000 0.000000 0.000000 0.000000 0.000000 0.000000 0.000000 0.000000 0.000000 0.000000 0.000000 0.000000 0.000000 0.000000 0.000000 0.000000 0.000000 0.000000 0.000000 0.000000 0.000000 0.000000 0.000000 0.000000 0.000000 0.000000 0.000000 0.000000 0.000000 0.000000 0.000000 0.000000 0.000000 0.000000 0.000000 0.000000 0.000000 0.000000 0.000000
0.600000 0.236100 0.236100 0.600000 0.600000 0.600000 0.600000 0.600000 0.600000 0.600000 0.600000 0.600000 0.600000 0.600000 0.600000 0.600000 0.600000 0.600000 0.600000 0.600000 0.600000 0.000000 0.000000 0.000000 0.000000 0.000000 0.000000 0.000000 0.000000 0.000000 0.000000 0.000000 0.000000 0.000000 0.000000 0.000000 0.000000 0.000000 0.000000 0.000000 0.000000 0.000000 0.000000 0.000000 0.000000 0.000000 0.000000 0.000000 0.000000 0.000000 0.000000 0.000000 0.000000 0.000000 0.000000 0.000000 0.000000 0.000000 0.000000 0.000000 0.000000 0.000000 0.000000
0.228247 0.222355 0.216316 0.600000 0.600000 0.600000 0.600000 0.600000 0.600000 0.600000 0.600000 0.600000 0.600000 0.600000 0.600000 0.600000 0.600000 0.600000 0.600000 0.600000 0.000000 0.000000 0.000000 0.000000 0.000000 0.000000 0.000000 0.000000 0.000000 0.000000 0.000000 0.000000 0.000000 0.000000 0.000000 0.000000 0.000000 0.000000 0.000000 0.000000 0.000000 0.000000 0.600000 0.600000 0.600000 0.600000 0.000000 0.000000 0.000000 0.000000 0.000000 0.000000 0.000000 0.000000 0.000000 0.000000 0.000000 0.000000 0.000000 0.000000 0.000000 0.000000 0.000000
0.218397 0.215389 0.211180 0.600000 0.600000 0.600000 0.600000 0.600000 0.600000 0.600000 0.600000 0.600000 0.600000 0.600000 0.600000 0.600000 0.600000 0.600000 0.000000 0.000000 0.000000 0.000000 0.000000 0.000000 0.000000 0.000000 0.000000 0.000000 0.000000 0.000000 0.000000 0.000000 0.000000 0.000000 0.000000 0.000000 0.000000 0.000000 0.000000 0.000000 0.600000 0.600000 0.600000 0.600000 0.000000 0.000000 0.000000 0.000000 0.000000 0.000000 0.000000 0.000000 0.000000 0.000000 0.000000 0.000000 0.000000 0.000000 0.000000 0.000000 0.000000 0.000000 0.000000
0.210754 0.208360 0.600000 0.600000 0.600000 0.600000 0.600000 0.600000 0.600000 0.600000 0.600000 0.600000 0.600000 0.600000 0.600000 0.600000 0.600000 0.000000 0.000000 0.000000 0.000000 0.000000 0.000000 0.000000 0.000000 0.000000 0.000000 0.000000 0.000000 0.000000 0.000000 0.000000 0.000000 0.000000 0.000000 0.000000 0.000000 0.000000 0.600000 0.600000 0.600000 0.600000 0.000000 0.000000 0.000000 0.000000 0.000000 0.000000 0.000000 0.000000 0.000000 0.000000 0.000000 0.000000 0.000000 0.000000 0.000000 0.000000 0.000000 0.000000 0.000000 0.000000 0.000000
0.205684 0.203114 0.600000 0.600000 0.600000 0.600000 0.600000 0.600000 0.600000 0.600000 0.600000 0.600000 0.600000 0.600000 0.600000 0.000000 0.000000 0.000000 0.000000 0.000000 0.000000 0.000000 0.000000 0.000000 0.000000 0.000000 0.000000 0.000000 0.000000 0.000000 0.000000 0.000000 0.000000 0.000000 0.000000 0.000000 0.000000 0.600000 0.600000 0.600000 0.600000 0.000000 0.000000 0.000000 0.000000 0.000000 0.000000 0.000000 0.000000 0.000000 0.000000 0.000000 0.000000 0.000000 0.000000 0.000000 0.000000 0.000000 0.000000 0.000000 0.000000 0.000000 0.000000
0.203426 0.200267 0.196127 0.191176 0.185721 0.600000 0.600000 0.600000 0.600000 0.600000 0.600000 0.600000 0.600000 0.600000 0.000000 0.000000 0.000000 0.000000 0.000000 0.000000 0.600000 0.600000 0.000000 0.000000 0.000000 0.000000 0.000000 0.000000 0.000000 0.000000 0.000000 0.000000 0.000000 0.000000 0.600000 0.600000 0.600000 0.600000 0.600000 0.600000 0.000000 0.000000 0.000000 0.000000 0.000000 0.000000 0.000000 0.000000 0.000000 0.000000 0.000000 0.000000 0.000000 0.000000 0.000000 0.000000 0.000000 0.000000 0.000000 0.000000 0.000000 0.000000 0.000000
0.204635 0.200497 0.194786 0.187865 0.180187 0.172353 0.600000 0.600000 0.600000 0.600000 0.600000 0.600000 0.000000 0.000000 0.000000 0.000000 0.000000 0.600000 0.600000 0.600000 0.600000 0.600000 0.000000 0.000000 0.000000 0.000000 0.000000 0.000000 0.000000 0.000000 0.600000 0.600000 0.600000 0.600000 0.600000 0.600000 0.600000 0.600000 0.600000 0.600000 0.600000 0.600000 0.600000 0.600000 0.600000 0.600000 0.600000 0.000000 0.000000 0.000000 0.000000 0.000000 0.000000 0.000000 0.000000 0.000000 0.000000 0.000000 0.000000 0.000000 0.000000 0.000000 0.000000
0.210595 0.204625 0.196107 0.186081 0.175042 0.163442 0.152340 0.144102 0.600000 0.600000 0.600000 0.600000 0.000000 0.000000 0.600000 0.600000 0.600000 0.600000 0.600000 0.600000 0.600000 0.000000 0.000000 0.000000 0.000000 0.000000 0.000000 0.000000 0.600000 0.600000 0.600000 0.600000 0.600000 0.600000 0.600000 0.600000 0.600000 0.600000 0.600000 0.600000 0.600000 0.600000 0.600000 0.600000 0.600000 0.600000 0.600000 0.600000 0.000000 0.000000 0.000000 0.000000 0.000000 0.000000 0.000000 0.000000 0.000000 0.000000 0.000000 0.000000 0.000000 0.000000 0.000000
0.222857 0.211546 0.198743 0.185420 0.171196 0.155585 0.138371 0.121651 0.600000 0.600000 0.600000 0.600000 0.600000 0.600000 0.600000 0.600000 0.600000 0.600000 0.600000 0.600000 0.600000 0.600000 0.600000 0.600000 0.600000 0.600000 0.600000 0.600000 0.600000 0.600000 0.600000 0.600000 0.600000 0.600000 0.600000 0.600000 0.600000 0.600000 0.600000 0.600000 0.600000 0.600000 0.600000 0.600000 0.600000 0.600000 0.600000 0.600000 0.600000 0.000000 0.000000 0.000000 0.000000 0.000000 0.000000 0.000000 0.000000 0.600000 0.600000 0.600000 0.600000 0.600000 0.600000
0.216439 0.202091 0.187830 0.174705 0.161995 0.148870 0.134609 0.120261 0.600000 0.600000 0.371555 0.445225 0.516575 0.590245 0.670300 0.750836 0.861200 0.861200 0.600000 0.600000 0.600000 0.600000 0.600000 0.600000 0.600000 0.600000 0.600000 0.600000 0.600000 0.600000 0.600000 0.600000 0.600000 0.600000 0.600000 0.600000 0.600000 0.600000 0.600000 0.600000 0.600000 0.600000 0.600000 0.600000 0.600000 0.600000 0.600000 0.600000 0.600000 0.600000 0.600000 0.600000 0.600000 0.600000 0.600000 0.600000 0.600000 0.600000 0.600000 0.600000 0.600000 0.600000 0.600000
0.198753 0.192021 0.183001 0.173276 0.163424 0.153699 0.144679 0.137947 0.310240 0.348027 0.398661 0.453251 0.508549 0.563139 0.613773 0.651560 0.861200 0.861200 0.861200 0.861200 0.861200 0.600000 0.600000 0.600000 0.600000 0.765430 0.745832 0.724702 0.703298 0.600000 0.600000 0.600000 0.600000 0.600000 0.600000 0.600000 0.600000 0.600000 0.600000 0.600000 0.600000 0.600000 0.600000 0.600000 0.600000 0.600000 0.600000 0.600000 0.600000 0.600000 0.600000 0.600000 0.600000 0.600000 0.600000 0.600000 0.600000 0.600000 0.600000 0.600000 0.600000 0.600000 0.600000
0.189205 0.184698 0.178715 0.171892 0.164808 0.157985 0.152002 0.147495 0.363835 0.389131 0.422719 0.461017 0.500783 0.539081 0.572669 0.597965 0.861200 0.861200 0.861200 0.861200 0.861200 0.861200 0.861200 0.861200 0.759312 0.749520 0.736520 0.721696 0.706304 0.691480 0.678480 0.668688 0.566800 0.566800 0.566800 0.566800 0.566800 0.600000 0.600000 0.600000 0.600000 0.600000 0.600000 0.600000 0.600000 0.600000 0.600000 0.600000 0.600000 0.600000 0.600000 0.600000 0.600000 0.600000 0.600000 0.600000 0.600000 0.600000 0.600000 0.600000 0.600000 0.600000 0.600000
0.185153 0.181384 0.176614 0.171181 0.165519 0.160086 0.155316 0.151547 0.386577 0.407738 0.434514 0.465008 0.496792 0.527286 0.554062 0.575223 0.861200 0.861200 0.861200 0.861200 0.861200 0.861200 0.861200 0.861200 0.750509 0.742318 0.731954 0.720151 0.707849 0.696046 0.685682 0.677491 0.566800 0.566800 0.566800 0.566800 0.566800 0.600000 0.600000 0.600000 0.600000 0.600000 0.600000 0.600000 0.600000 0.600000 0.600000 0.600000 0.600000 0.600000 0.600000 0.600000 0.600000 0.600000 0.600000 0.600000 0.600000 0.600000 0.600000 0.600000 0.600000 0.600000 0.600000
