input_data/soil_ldas_cal_depth2.asc
ncols 464
nrows 224
xllcorner -124.937500
yllcorner 25.062500
cellsize 0.125000
NODATA_value 0
[rows 56 to 83 of 224, columns 189 to 251 of 464]
0.400000 0.400000 0.400000 0.400000 0.400000 0.400000 0.400000 0.400000 0.400000 0.400000 0.400000 0.400000 0.400000 0.400000 0.400000 0.400000 0.200000 0.200000 0.200000 0.200000 0.200000 0.200000 0.200000 0.200000 0.200000 0.200000 0.200000 0.300000 0.300000 0.300000 0.300000 0.300000 0.300000 0.300000 0.300000 0.300000 0.300000 0.300000 0.300000 0.300000 0.300000 0.300000 0.300000 1.956909 1.957802 1.959094 1.959965 1.848642 1.838492 1.825310 1.810556 1.795654 1.781791 1.769902 1.760623 1.649300 1.649300 1.649300 1.649300 1.649300 1.649300 1.649300 1.649300
0.400000 0.400000 0.400000 0.400000 0.400000 0.400000 0.400000 0.400000 0.400000 0.400000 0.400000 0.400000 0.400000 0.400000 0.400000 0.400000 0.200000 0.200000 0.200000 0.200000 0.200000 0.200000 0.200000 0.200000 0.200000 0.200000 0.200000 0.300000 0.300000 0.300000 0.300000 0.300000 0.300000 0.300000 0.300000 0.300000 0.300000 0.300000 0.300000 0.300000 0.300000 0.300000 0.300000 2.002840 2.006268 2.011488 2.015378 1.904472 1.887147 1.863677 1.838301 1.813838 1.791891 1.773640 1.760207 1.649300 1.649300 1.649300 1.649300 1.649300 1.649300 1.649300 1.649300
0.400000 0.400000 0.400000 0.400000 0.400000 0.400000 0.400000 0.400000 0.400000 0.400000 0.400000 0.400000 0.400000 0.400000 0.400000 0.200000 0.200000 0.200000 0.200000 0.200000 0.200000 0.200000 0.200000 0.200000 0.200000 0.200000 0.200000 0.200000 0.200000 0.200000 0.200000 0.200000 0.300000 0.300000 0.300000 0.300000 0.300000 0.300000 0.300000 0.300000 0.300000 0.300000 2.042325 2.042325 2.050456 2.064381 2.076812 1.982724 1.949592 1.906800 1.864844 1.826781 1.792956 1.764089 1.743388 1.649300 1.649300 1.649300 1.649300 1.649300 1.649300 1.649300 1.649300
0.400000 0.400000 0.400000 0.400000 0.400000 0.400000 0.400000 0.400000 0.400000 0.400000 0.400000 0.400000 0.400000 0.400000 0.400000 0.200000 0.200000 0.200000 0.200000 0.200000 0.200000 0.200000 0.200000 0.200000 0.200000 0.200000 0.200000 0.200000 0.200000 0.200000 0.200000 0.200000 0.200000 0.300000 0.300000 0.300000 2.138586 2.155379 2.178809 0.300000 0.300000 2.083488 2.069940 2.069940 2.083488 2.111708 2.150796 2.098801 2.018036 1.944912 1.885087 1.834153 1.787876 1.742972 1.701294 1.649300 1.649300 1.649300 1.649300 1.649300 1.649300 1.649300 1.649300
0.400000 0.400000 0.400000 0.400000 0.400000 0.400000 0.400000 0.400000 0.400000 0.400000 0.400000 0.400000 0.200000 0.200000 0.200000 0.200000 0.200000 0.200000 0.200000 0.200000 0.200000 0.200000 0.200000 0.200000 0.200000 0.200000 0.200000 0.200000 0.200000 0.200000 0.200000 0.200000 0.200000 0.200000 2.217400 2.217400 2.217400 2.217400 2.217400 2.217400 2.217400 2.217400 2.217400 2.217400 2.217400 2.217400 2.217400 2.165425 2.123714 2.078786 2.032488 1.981535 1.921688 1.848540 1.767739 1.715765 1.754854 1.783074 1.796624 1.796624 1.783074 1.754854 1.715765
0.400000 0.400000 0.400000 0.400000 0.400000 0.400000 0.400000 0.400000 0.400000 0.400000 0.400000 0.200000 0.200000 0.200000 0.200000 0.200000 0.200000 0.200000 0.200000 0.200000 0.200000 0.200000 0.200000 0.200000 0.200000 0.200000 0.200000 0.200000 0.200000 0.200000 0.200000 0.200000 0.200000 0.200000 2.217400 2.217400 2.217400 2.217400 2.217400 2.217400 2.217400 2.217400 2.217400 2.217400 2.217400 2.217400 2.217400 2.123458 2.102713 2.073788 2.039906 2.001777 1.959729 1.916803 1.883526 1.789585 1.802116 1.816117 1.824283 1.824283 1.816117 1.802116 1.789585
0.400000 0.400000 0.400000 0.400000 0.400000 0.400000 0.400000 0.400000 0.400000 0.400000 0.200000 0.200000 0.200000 0.200000 0.200000 0.200000 0.200000 0.200000 0.200000 0.200000 0.200000 0.200000 0.200000 0.200000 0.200000 0.200000 0.200000 0.200000 0.200000 0.200000 0.200000 0.200000 0.200000 0.200000 0.200000 2.217400 2.217400 2.217400 2.217400 2.217400 2.217400 2.217400 2.217400 2.217400 2.217400 2.217400 2.217400 2.106706 2.093222 2.074878 2.052813 2.028213 2.002682 1.979047 1.961589 1.850894 1.854869 1.860160 1.863626 1.863626 1.860160 1.854869 1.850894
0.400000 0.400000 0.400000 0.400000 0.400000 0.400000 0.400000 0.400000 0.400000 0.400000 0.400000 0.200000 0.200000 0.200000 0.200000 0.200000 0.200000 0.200000 0.200000 0.200000 0.200000 0.200000 0.200000 0.200000 0.200000 0.200000 0.200000 0.200000 0.200000 0.200000 0.200000 0.200000 0.200000 0.200000 0.200000 2.217400 2.217400 2.217400 2.217400 2.217400 2.217400 2.217400 2.217400 2.217400 2.217400 2.217400 2.217400 2.106258 2.096898 2.084872 2.070843 2.055771 2.040865 2.027560 2.017323 1.906181 1.907058 1.908336 1.909214 1.909214 1.908336 1.907058 1.906181
0.400000 0.400000 0.400000 0.400000 0.400000 0.400000 0.400000 0.400000 0.400000 0.400000 0.400000 0.400000 0.400000 0.400000 0.400000 0.400000 0.200000 0.200000 0.200000 0.200000 0.200000 0.200000 0.200000 0.200000 0.200000 0.200000 0.200000 0.200000 0.200000 0.200000 0.200000 0.200000 0.200000 0.200000 0.200000 0.200000 2.217400 2.217400 2.217400 2.217400 2.217400 2.217400 2.217400 2.217400 2.217400 2.217400 2.217400 2.115928 2.109218 2.100831 2.091597 2.082446 2.074159 2.067151 2.061389 1.959917 1.958969 1.957590 1.956643 1.956643 1.957590 1.958969 1.959917
0.400000 0.400000 0.400000 0.400000 0.400000 0.000000 0.400000 0.400000 0.400000 0.400000 0.400000 0.400000 0.400000 0.400000 0.400000 0.400000 0.200000 0.200000 0.200000 0.200000 0.200000 0.200000 0.200000 0.200000 0.200000 0.200000 0.200000 0.200000 0.200000 0.200000 0.200000 0.200000 0.200000 0.200000 0.200000 0.200000 0.200000 2.217400 2.217400 2.217400 2.217400 2.217400 2.217400 2.217400 2.217400 2.217400 2.217400 2.132625 2.126857 2.119592 2.112514 2.106922 2.103431 2.101657 2.100030 2.015255 2.011114 2.005624 2.002036 2.002036 2.005624 2.011114 2.015255
0.400000 0.400000 0.400000 0.400000 0.400000 0.400000 0.400000 0.400000 0.400000 0.400000 0.400000 0.400000 0.400000 0.400000 0.200000 0.200000 0.200000 0.200000 0.200000 0.200000 0.200000 0.200000 0.200000 0.200000 0.200000 0.200000 0.200000 0.200000 0.200000 0.200000 0.200000 0.200000 0.200000 0.200000 0.200000 0.200000 0.200000 2.217400 2.217400 2.217400 2.217400 2.217400 2.217400 2.217400 2.217400 2.217400 2.217400 2.155897 2.147815 2.138296 2.130960 2.127467 2.128478 2.133331 2.138192 2.076689 2.063745 2.049374 2.041028 2.041028 2.049374 2.063745 2.076689
0.400000 0.400000 0.400000 0.400000 0.400000 0.400000 0.000000 0.400000 0.400000 0.400000 0.400000 0.400000 0.400000 0.400000 0.400000 0.200000 0.200000 0.200000 0.200000 0.200000 0.200000 0.200000 0.200000 0.200000 0.200000 0.200000 0.200000 0.200000 0.200000 0.200000 0.200000 0.200000 0.200000 0.200000 0.200000 0.200000 0.200000 2.217400 2.217400 2.217400 2.217400 2.217400 2.217400 2.217400 2.217400 2.217400 2.217400 2.187325 2.167994 2.152822 2.144021 2.141707 2.146603 2.160034 2.180614 2.150539 2.110629 2.082024 2.068328 2.068328 2.082024 2.110629 2.150539
0.400000 0.400000 0.400000 0.400000 0.400000 0.400000 0.400000 0.400000 0.400000 0.400000 0.400000 0.400000 0.400000 0.400000 0.400000 0.400000 0.400000 0.400000 0.200000 0.200000 0.200000 0.200000 0.200000 0.200000 0.200000 0.200000 0.200000 0.200000 0.200000 0.200000 0.200000 0.200000 0.200000 0.200000 0.200000 0.200000 0.200000 0.200000 0.200000 2.121692 2.064444 2.023415 2.003767 2.003767 2.023415 2.064444 2.121692 2.121692 2.064444 2.023415 2.003767 2.003767 2.023415 2.064444 2.121692 2.124798 2.069555 2.030104 2.011377 2.011624 2.030770 2.070407 2.125515
0.400000 0.400000 0.400000 0.400000 0.400000 0.400000 0.400000 0.400000 0.400000 0.400000 0.400000 0.400000 0.400000 0.400000 0.400000 0.400000 0.400000 0.400000 0.400000 0.200000 0.200000 0.200000 0.200000 0.200000 0.200000 0.200000 0.200000 0.200000 0.200000 0.200000 0.200000 0.200000 0.200000 0.200000 0.200000 0.200000 0.200000 0.200000 0.200000 2.015991 1.997285 1.976565 1.964546 1.964546 1.976565 1.997285 2.015991 2.015991 1.997285 1.976565 1.964546 1.964546 1.976565 1.997285 2.015991 2.022336 2.004477 1.984757 1.973512 1.973887 1.985811 2.006029 2.024229
0.400000 0.400000 0.400000 0.400000 0.400000 0.400000 0.400000 0.400000 0.400000 0.400000 0.400000 0.400000 0.400000 0.400000 0.400000 0.400000 0.400000 0.400000 0.400000 0.400000 0.400000 0.200000 0.200000 0.200000 0.200000 0.200000 0.200000 0.200000 0.200000 0.200000 0.200000 0.200000 0.200000 0.200000 0.200000 0.200000 0.200000 0.200000 0.200000 0.200000 1.921986 1.914012 1.908816 1.908816 1.914012 1.921986 1.928041 1.928041 1.921986 1.914012 1.908816 1.908816 1.914012 1.921986 1.928041 1.936772 1.931329 1.924127 1.919687 1.920288 1.925863 1.934031 1.940260
0.400000 0.400000 0.400000 0.400000 0.400000 0.400000 0.400000 0.400000 0.400000 0.400000 0.400000 0.400000 0.400000 0.400000 0.400000 0.400000 0.400000 0.400000 0.400000 0.400000 0.400000 0.400000 0.200000 0.200000 0.200000 0.200000 0.200000 0.200000 0.200000 0.200000 0.200000 0.200000 0.200000 0.200000 0.200000 0.200000 0.200000 0.200000 0.200000 0.200000 0.200000 0.200000 1.844183 1.844183 1.845517 1.847471 1.848834 1.848834 1.847471 1.845517 1.844183 1.844183 1.845517 1.847471 1.848834 1.859260 1.858609 1.857549 1.857203 1.858185 1.860410 1.863117 1.865094
0.400000 0.400000 0.400000 0.400000 0.400000 0.400000 0.400000 0.400000 0.400000 0.400000 0.400000 0.400000 0.400000 0.400000 0.400000 0.400000 0.400000 0.400000 0.400000 0.400000 0.400000 0.400000 0.400000 0.200000 0.200000 0.200000 0.200000 0.200000 0.200000 0.200000 0.200000 0.200000 0.200000 0.200000 0.200000 0.200000 0.200000 0.200000 0.200000 0.200000 0.200000 0.200000 1.776910 1.776910 1.775475 1.773374 1.771904 1.771904 1.773374 1.775475 1.776910 1.776910 1.775475 1.773374 1.771904 1.783286 1.785744 1.789122 1.792051 1.793661 1.793825 1.793152 1.792776
0.400000 0.400000 0.400000 0.400000 0.400000 0.400000 0.400000 0.400000 0.400000 0.400000 0.400000 0.400000 0.400000 0.400000 0.400000 0.400000 0.400000 0.400000 0.400000 0.400000 0.400000 0.400000 0.200000 0.200000 0.200000 0.200000 0.200000 0.200000 0.200000 0.200000 0.200000 0.200000 0.200000 0.200000 0.200000 0.200000 0.200000 0.200000 0.200000 0.200000 0.200000 0.200000 0.200000 1.712547 1.707179 1.698919 1.692625 1.692625 1.698919 1.707179 1.712547 1.712547 1.707179 1.698919 1.692625 1.703915 1.711626 1.721821 1.729520 1.732126 1.729478 1.723751 1.719328
0.400000 0.400000 0.400000 0.400000 0.400000 0.400000 0.400000 0.400000 0.400000 0.400000 0.400000 0.400000 0.400000 0.400000 0.400000 0.400000 0.400000 0.400000 0.400000 0.400000 0.400000 0.400000 0.200000 0.200000 0.200000 0.200000 0.200000 0.200000 0.200000 0.200000 0.200000 0.200000 0.200000 0.200000 0.200000 0.200000 0.200000 0.200000 0.200000 0.200000 0.200000 0.200000 0.200000 0.200000 0.200000 1.623793 1.604500 1.604500 1.623793 1.645032 1.657303 1.657303 1.645032 1.623793 1.604500 1.614039 1.635511 1.659778 1.675585 1.679572 1.671727 1.655054 1.639336
0.400000 0.400000 0.400000 0.400000 0.400000 0.400000 0.400000 0.400000 0.400000 0.400000 0.400000 0.400000 0.400000 0.400000 0.400000 0.400000 0.400000 0.400000 0.400000 0.400000 0.400000 0.400000 0.200000 0.400000 0.400000 0.200000 0.200000 0.200000 0.200000 0.200000 0.200000 0.200000 0.200000 0.200000 0.200000 0.200000 0.200000 0.200000 0.200000 0.200000 0.200000 0.200000 0.200000 0.200000 0.200000 1.557163 1.498767 0.200000 0.200000 0.200000 1.618576 1.618576 1.598724 1.557163 1.498767 1.504054 1.566802 1.613001 1.637623 1.642884 1.629240 1.595327 1.545510
0.400000 0.400000 0.400000 0.400000 0.400000 0.400000 0.400000 0.400000 0.400000 0.400000 0.400000 0.400000 0.400000 0.400000 0.400000 0.400000 0.400000 0.400000 0.400000 0.400000 0.400000 0.400000 0.400000 0.400000 0.400000 0.400000 0.200000 0.200000 0.200000 0.200000 0.200000 0.200000 0.200000 0.200000 0.200000 0.200000 0.200000 0.200000 0.200000 0.200000 0.200000 0.200000 0.200000 0.200000 0.200000 0.200000 0.200000 0.200000 0.200000 0.200000 1.402500 1.402500 1.402500 1.402500 1.402500 1.407785 1.412141 1.416781 1.421554 1.426817 1.433027 1.440676 1.449259
0.400000 0.400000 0.400000 0.400000 0.400000 0.400000 0.400000 0.400000 0.400000 0.400000 0.400000 0.400000 0.400000 0.400000 0.400000 0.400000 0.400000 0.400000 0.400000 0.400000 0.400000 0.400000 0.400000 0.400000 0.400000 0.400000 0.400000 0.200000 0.200000 0.200000 0.200000 0.200000 0.200000 0.200000 0.200000 0.200000 0.200000 0.200000 0.200000 0.200000 0.200000 0.200000 0.200000 0.200000 0.200000 0.200000 0.200000 0.200000 0.200000 0.200000 0.200000 1.402500 1.402500 1.402500 1.402500 1.412025 1.414209 1.417242 1.420785 1.424778 1.429212 1.433790 1.437380
0.400000 0.400000 0.400000 0.400000 0.400000 0.400000 0.400000 0.400000 0.400000 0.400000 0.400000 0.400000 0.400000 0.400000 0.400000 0.400000 0.400000 0.400000 0.400000 0.400000 0.400000 0.400000 0.400000 0.400000 0.400000 0.400000 0.400000 0.400000 0.200000 0.200000 0.200000 0.200000 0.200000 0.200000 0.200000 0.200000 0.200000 0.200000 0.200000 0.200000 0.200000 0.200000 0.200000 0.200000 0.200000 0.200000 0.200000 0.200000 0.200000 0.200000 0.200000 0.200000 1.402500 1.402500 1.402500 1.413770 1.415192 1.417136 1.419479 1.422098 1.424833 1.427382 1.429267
0.400000 0.400000 0.400000 0.400000 0.400000 0.400000 0.400000 0.400000 0.400000 0.400000 0.400000 0.400000 0.400000 0.400000 0.400000 0.400000 0.400000 0.400000 0.400000 0.400000 0.400000 0.400000 0.400000 0.400000 0.400000 0.400000 0.400000 0.400000 0.400000 0.200000 0.200000 0.200000 0.200000 0.200000 0.200000 0.200000 0.200000 0.200000 0.200000 0.200000 0.200000 0.200000 0.200000 0.200000 0.200000 0.200000 0.200000 0.200000 0.200000 0.200000 0.200000 1.402500 1.402500 1.402500 1.402500 1.413864 1.414861 1.416151 1.417662 1.419289 1.420902 1.422343 1.423445
0.400000 0.400000 0.400000 0.400000 0.400000 0.400000 0.400000 0.400000 0.400000 0.400000 0.400000 0.400000 0.400000 0.400000 0.400000 0.400000 0.400000 0.400000 0.400000 0.400000 0.400000 0.400000 0.400000 0.400000 0.400000 0.400000 0.400000 0.400000 0.400000 0.200000 0.200000 0.200000 0.200000 0.200000 0.200000 0.200000 0.200000 0.200000 0.200000 0.200000 0.200000 0.200000 0.200000 0.200000 0.200000 0.200000 0.200000 0.200000 0.200000 0.200000 1.402500 1.402500 1.402500 1.402500 1.402500 1.412916 1.413643 1.414558 1.415567 1.416567 1.417467 1.418221 1.418834
0.400000 0.400000 0.400000 0.400000 0.400000 0.400000 0.400000 0.400000 0.400000 0.400000 0.400000 0.400000 0.400000 0.400000 0.400000 0.400000 0.400000 0.400000 0.400000 0.400000 0.400000 0.400000 0.400000 0.400000 0.400000 0.400000 0.400000 0.400000 0.400000 0.400000 0.400000 0.400000 0.200000 0.200000 0.200000 0.200000 0.200000 0.200000 0.200000 0.200000 0.200000 0.200000 0.200000 0.200000 0.200000 0.200000 0.200000 0.200000 1.402500 1.402500 1.402500 1.402500 1.402500 1.402500 1.402500 1.411230 1.411867 1.412672 1.413455 1.414072 1.414451 1.414630 1.414786
0.400000 0.400000 0.400000 0.400000 0.400000 0.400000 0.400000 0.400000 0.400000 0.400000 0.400000 0.400000 0.400000 0.400000 0.400000 0.400000 0.400000 0.400000 0.400000 0.400000 0.400000 0.400000 0.400000 0.400000 0.400000 0.400000 0.400000 0.400000 0.400000 0.400000 0.200000 0.200000 0.200000 0.200000 0.200000 0.200000 0.200000 0.200000 0.200000 0.200000 0.200000 0.200000 0.200000 0.200000 0.200000 0.200000 0.200000 0.200000 1.402500 1.402500 1.402500 1.402500 1.402500 1.402500 1.402500 1.408848 1.409742 1.410787 1.411593 1.411982 1.411879 1.411343 1.410788
0.400000 0.400000 0.400000 0.400000 0.400000 0.400000 0.400000 0.400000 0.400000 0.400000 0.400000 0.400000 0.400000 0.400000 0.400000 0.400000 0.200000 0.200000 0.200000 0.200000 0.400000 0.400000 0.400000 0.400000 0.400000 0.400000 0.400000 0.400000 0.400000 0.400000 0.400000 0.200000 0.200000 0.200000 0.200000 0.200000 0.200000 0.200000 0.200000 0.200000 0.200000 0.200000 0.200000 0.200000 0.200000 0.200000 0.200000 0.200000 1.402500 1.402500 1.402500 1.402500 1.402500 1.402500 1.402500 1.405627 1.407706 1.409326 1.410271 1.410531 1.410024 1.408598 1.406369
