input_data/soil_ldas_cal_depth3.asc
ncols 464
nrows 224
xllcorner -124.937500
yllcorner 25.062500
cellsize 0.125000
NODATA_value 0
[rows 56 to 83 of 224, columns 252 to 314 of 464]
0.185200 0.181423 0.176639 0.171190 0.165510 0.160061 0.155277 0.151500 0.386315 0.407520 0.434374 0.464960 0.496840 0.527426 0.554280 0.575485 0.861200 0.861200 0.861200 0.861200 0.861200 0.861200 0.861200 0.861200 0.750610 0.742403 0.732008 0.720170 0.707830 0.695992 0.685597 0.677390 0.566800 0.566800 0.566800 0.566800 0.600000 0.600000 0.600000 0.600000 0.600000 0.600000 0.600000 0.600000 0.600000 0.600000 0.600000 0.600000 0.600000 0.600000 0.600000 0.600000 0.600000 0.600000 0.600000 0.600000 0.600000 0.600000 0.000000 0.000000 0.000000 0.000000 0.000000
0.189340 0.184806 0.178780 0.171913 0.164787 0.157920 0.151894 0.147360 0.363075 0.388526 0.422356 0.460899 0.500901 0.539444 0.573274 0.598725 0.861200 0.861200 0.861200 0.861200 0.861200 0.861200 0.861200 0.861200 0.759606 0.749754 0.736660 0.721742 0.706258 0.691340 0.678246 0.668394 0.566800 0.566800 0.566800 0.566800 0.566800 0.600000 0.600000 0.600000 0.600000 0.600000 0.600000 0.600000 0.600000 0.600000 0.600000 0.600000 0.600000 0.600000 0.600000 0.600000 0.600000 0.600000 0.000000 0.600000 0.600000 0.000000 0.000000 0.000000 0.000000 0.000000 0.000000
0.198944 0.192144 0.183056 0.173291 0.163409 0.153644 0.144556 0.137756 0.309165 0.347339 0.398350 0.453167 0.508633 0.563450 0.614461 0.652635 0.861200 0.861200 0.861200 0.861200 0.861200 0.861200 0.861200 0.861200 0.780472 0.765697 0.745952 0.724734 0.703266 0.682048 0.662303 0.647528 0.566800 0.566800 0.566800 0.566800 0.566800 0.600000 0.600000 0.600000 0.600000 0.600000 0.600000 0.600000 0.600000 0.600000 0.600000 0.600000 0.600000 0.600000 0.600000 0.000000 0.000000 0.000000 0.000000 0.000000 0.000000 0.000000 0.000000 0.000000 0.000000 0.000000 0.000000
0.216530 0.202065 0.187789 0.174689 0.162011 0.148911 0.134635 0.120170 0.210452 0.291647 0.371783 0.445319 0.516481 0.590017 0.670153 0.751348 0.861200 0.861200 0.861200 0.861200 0.861200 0.861200 0.861200 0.861200 0.818680 0.787253 0.756235 0.727772 0.700228 0.671765 0.640747 0.609320 0.566800 0.566800 0.566800 0.566800 0.600000 0.600000 0.600000 0.600000 0.600000 0.600000 0.600000 0.600000 0.600000 0.600000 0.600000 0.600000 0.600000 0.600000 0.000000 0.000000 0.000000 0.000000 0.000000 0.000000 0.000000 0.000000 0.000000 0.000000 0.000000 0.000000 0.000000
0.219752 0.207906 0.196225 0.185194 0.173757 0.160679 0.144736 0.126986 0.223042 0.311322 0.396171 0.471514 0.541996 0.612583 0.687527 0.762086 0.845710 0.835893 0.828133 0.823621 0.822433 0.824942 0.831807 0.842247 0.799823 0.757950 0.720043 0.689030 0.662625 0.638632 0.615350 0.593734 0.566800 0.566800 0.566800 0.600000 0.600000 0.600000 0.600000 0.600000 0.600000 0.600000 0.600000 0.600000 0.600000 0.600000 0.600000 0.600000 0.600000 0.000000 0.000000 0.000000 0.000000 0.000000 0.000000 0.000000 0.000000 0.000000 0.000000 0.000000 0.000000 0.000000 0.000000
0.204786 0.199799 0.193018 0.185567 0.177561 0.168876 0.159981 0.153101 0.336141 0.376113 0.428981 0.484364 0.538854 0.591371 0.639324 0.674899 0.829448 0.825356 0.820516 0.816763 0.814957 0.815437 0.817852 0.820254 0.739820 0.722575 0.700330 0.678540 0.658781 0.641222 0.626233 0.615482 0.566800 0.566800 0.566800 0.566800 0.566800 0.600000 0.600000 0.600000 0.600000 0.600000 0.600000 0.600000 0.600000 0.600000 0.600000 0.600000 0.600000 0.000000 0.000000 0.000000 0.000000 0.000000 0.000000 0.000000 0.000000 0.000000 0.000000 0.000000 0.000000 0.000000 0.000000
0.195762 0.193534 0.190348 0.186592 0.182478 0.178198 0.174213 0.171385 0.402953 0.428039 0.461560 0.499274 0.537754 0.574251 0.605915 0.629606 0.817454 0.814496 0.810769 0.807120 0.804212 0.802359 0.801375 0.800476 0.699366 0.690319 0.678071 0.664840 0.652092 0.640657 0.631151 0.624164 0.566800 0.566800 0.566800 0.566800 0.566800 0.600000 0.600000 0.600000 0.600000 0.600000 0.600000 0.600000 0.600000 0.600000 0.600000 0.600000 0.000000 0.000000 0.000000 0.600000 0.000000 0.000000 0.000000 0.000000 0.000000 0.000000 0.000000 0.000000 0.000000 0.000000 0.000000
0.189770 0.189460 0.188960 0.188334 0.187621 0.186862 0.186169 0.185727 0.439306 0.458779 0.483624 0.511870 0.541159 0.569097 0.593492 0.612658 0.808878 0.805398 0.801046 0.796243 0.791464 0.787116 0.783427 0.780402 0.670483 0.665178 0.658284 0.650559 0.642748 0.635479 0.629246 0.624396 0.566800 0.566800 0.566800 0.566800 0.600000 0.600000 0.600000 0.600000 0.600000 0.600000 0.600000 0.600000 0.600000 0.600000 0.600000 0.000000 0.000000 0.000000 0.600000 0.000000 0.000000 0.000000 0.000000 0.000000 0.000000 0.000000 0.000000 0.000000 0.000000 0.000000 0.600000
0.184294 0.185819 0.187873 0.190274 0.192844 0.195388 0.197650 0.199319 0.454587 0.472521 0.495211 0.521199 0.548476 0.574797 0.597971 0.616238 0.803964 0.799094 0.792828 0.785506 0.777623 0.769811 0.762830 0.757468 0.647648 0.644662 0.641030 0.636736 0.631993 0.627208 0.622862 0.619385 0.566800 0.566800 0.566800 0.600000 0.600000 0.600000 0.600000 0.600000 0.600000 0.600000 0.600000 0.600000 0.600000 0.600000 0.000000 0.000000 0.000000 0.600000 0.600000 0.000000 0.000000 0.000000 0.000000 0.000000 0.000000 0.000000 0.000000 0.000000 0.600000 0.600000 0.600000
0.177005 0.180687 0.185815 0.191781 0.198192 0.204700 0.210658 0.214965 0.451006 0.470648 0.496668 0.526818 0.558791 0.590200 0.618147 0.639242 0.804305 0.797289 0.787731 0.776225 0.763380 0.750016 0.737612 0.728451 0.627623 0.626780 0.625861 0.624052 0.621154 0.617486 0.613721 0.610732 0.566800 0.566800 0.600000 0.600000 0.600000 0.600000 0.600000 0.600000 0.600000 0.600000 0.600000 0.600000 0.600000 0.000000 0.000000 0.600000 0.600000 0.600000 0.000000 0.000000 0.000000 0.000000 0.000000 0.000000 0.000000 0.000000 0.000000 0.600000 0.600000 0.600000 0.600000
0.165008 0.172180 0.181850 0.192375 0.203488 0.215273 0.227113 0.236241 0.424770 0.451637 0.488000 0.528425 0.570869 0.614224 0.655631 0.687041 0.813035 0.802234 0.787197 0.769606 0.749793 0.727877 0.705393 0.687884 0.607847 0.610366 0.612881 0.613405 0.611595 0.607793 0.602860 0.598672 0.566800 0.566800 0.600000 0.600000 0.600000 0.600000 0.600000 0.600000 0.600000 0.600000 0.600000 0.600000 0.000000 0.000000 0.600000 0.600000 0.600000 0.000000 0.000000 0.000000 0.000000 0.000000 0.000000 0.000000 0.000000 0.000000 0.000000 0.600000 0.600000 0.600000 0.600000
0.144767 0.161196 0.177289 0.192334 0.207652 0.224765 0.245178 0.267635 0.367608 0.420770 0.475282 0.527801 0.581075 0.638402 0.702954 0.770125 0.834546 0.812885 0.789679 0.765787 0.739465 0.708476 0.670445 0.628103 0.585863 0.596528 0.603489 0.606026 0.604826 0.600266 0.592403 0.582385 0.566800 0.600000 0.600000 0.600000 0.600000 0.600000 0.600000 0.600000 0.600000 0.600000 0.600000 0.600000 0.000000 0.600000 0.600000 0.600000 0.000000 0.000000 0.000000 0.000000 0.000000 0.000000 0.000000 0.000000 0.000000 0.000000 0.600000 0.600000 0.600000 0.600000 0.600000
0.202010 0.253030 0.294228 0.321663 0.337540 0.343206 0.338944 0.326534 0.395354 0.463424 0.526945 0.581836 0.632189 0.682221 0.735597 0.789512 0.808609 0.771081 0.736183 0.706316 0.679424 0.653444 0.626662 0.600458 0.566800 0.566800 0.566800 0.566800 0.566800 0.566800 0.566800 0.566800 0.539834 0.600000 0.600000 0.600000 0.600000 0.600000 0.600000 0.600000 0.600000 0.600000 0.600000 0.600000 0.600000 0.600000 0.600000 0.600000 0.000000 0.000000 0.000000 0.000000 0.000000 0.000000 0.000000 0.000000 0.000000 0.000000 0.600000 0.600000 0.600000 0.600000 0.600000
0.285011 0.303938 0.326756 0.345347 0.357312 0.362586 0.362448 0.360648 0.485333 0.514828 0.553401 0.592828 0.630895 0.667350 0.700800 0.725669 0.758941 0.742503 0.721083 0.699337 0.678645 0.659276 0.641954 0.629217 0.566800 0.566800 0.566800 0.566800 0.566800 0.566800 0.566800 0.566800 0.506930 0.495811 0.600000 0.600000 0.600000 0.600000 0.600000 0.600000 0.600000 0.600000 0.600000 0.600000 0.600000 0.600000 0.600000 0.600000 0.000000 0.000000 0.000000 0.000000 0.000000 0.000000 0.000000 0.000000 0.000000 0.000000 0.600000 0.600000 0.600000 0.600000 0.600000
0.348557 0.356816 0.367894 0.378311 0.386097 0.390757 0.392999 0.394550 0.542565 0.559069 0.581417 0.606253 0.631250 0.654802 0.675178 0.690185 0.727460 0.717839 0.704913 0.690614 0.676343 0.663072 0.651724 0.643300 0.566800 0.566800 0.566800 0.566800 0.566800 0.566800 0.566800 0.566800 0.481398 0.472618 0.600000 0.600000 0.600000 0.600000 0.600000 0.600000 0.600000 0.600000 0.600000 0.600000 0.600000 0.600000 0.600000 0.600000 0.000000 0.000000 0.000000 0.000000 0.000000 0.000000 0.000000 0.000000 0.000000 0.600000 0.600000 0.600000 0.600000 0.600000 0.600000
0.401277 0.405142 0.410258 0.415608 0.420412 0.424284 0.427235 0.429590 0.579565 0.589986 0.603499 0.618837 0.634648 0.649656 0.662686 0.672770 0.707611 0.700821 0.692080 0.682179 0.671993 0.662356 0.654001 0.647481 0.566800 0.566800 0.566800 0.566800 0.566800 0.566800 0.566800 0.566800 0.464668 0.600000 0.600000 0.600000 0.600000 0.600000 0.600000 0.600000 0.000000 0.600000 0.600000 0.600000 0.600000 0.600000 0.600000 0.000000 0.000000 0.000000 0.000000 0.000000 0.000000 0.000000 0.000000 0.000000 0.600000 0.600000 0.600000 0.600000 0.600000 0.600000 0.600000
0.449339 0.450507 0.451801 0.453812 0.456746 0.460346 0.463969 0.466765 0.605131 0.611874 0.620242 0.629913 0.640206 0.650232 0.659120 0.666227 0.695101 0.689608 0.682686 0.674683 0.666181 0.657895 0.650556 0.644773 0.566800 0.566800 0.566800 0.566800 0.566800 0.566800 0.566800 0.566800 0.600000 0.600000 0.600000 0.600000 0.600000 0.600000 0.600000 0.600000 0.000000 0.600000 0.600000 0.600000 0.600000 0.600000 0.000000 0.000000 0.000000 0.000000 0.000000 0.000000 0.000000 0.000000 0.000000 0.000000 0.600000 0.600000 0.600000 0.600000 0.600000 0.600000 0.600000
0.496750 0.494438 0.491309 0.490035 0.491837 0.496511 0.502532 0.507195 0.624097 0.628074 0.633038 0.639345 0.646690 0.654325 0.661331 0.666864 0.688156 0.683118 0.676492 0.668502 0.659630 0.650578 0.642319 0.636035 0.566800 0.566800 0.566800 0.566800 0.566800 0.566800 0.566800 0.566800 0.462105 0.600000 0.600000 0.600000 0.600000 0.346300 0.320302 0.600000 0.600000 0.600000 0.600000 0.600000 0.600000 0.600000 0.000000 0.000000 0.000000 0.000000 0.000000 0.000000 0.000000 0.000000 0.000000 0.000000 0.000000 0.600000 0.600000 0.600000 0.600000 0.600000 0.600000
0.547951 0.537769 0.526751 0.520975 0.522106 0.529927 0.542440 0.553636 0.639392 0.640429 0.642567 0.646799 0.652896 0.660162 0.667552 0.673359 0.686649 0.681221 0.673510 0.664041 0.653163 0.641267 0.629354 0.620110 0.566800 0.566800 0.566800 0.566800 0.566800 0.566800 0.566800 0.566800 0.482378 0.461359 0.431452 0.396357 0.357614 0.316575 0.276814 0.247019 0.101000 0.600000 0.600000 0.600000 0.600000 0.600000 0.000000 0.000000 0.000000 0.000000 0.000000 0.000000 0.000000 0.000000 0.000000 0.000000 0.600000 0.600000 0.600000 0.600000 0.600000 0.600000 0.600000
0.608286 0.575725 0.552982 0.542619 0.543372 0.555004 0.578310 0.610451 0.652922 0.649125 0.648759 0.651783 0.657488 0.665420 0.675332 0.685974 0.691513 0.683040 0.672816 0.661334 0.648209 0.632800 0.614355 0.594330 0.566800 0.566800 0.566800 0.566800 0.566800 0.566800 0.566800 0.566800 0.522728 0.483393 0.439479 0.393860 0.345014 0.291117 0.231216 0.172041 0.101000 0.101000 0.600000 0.600000 0.600000 0.600000 0.000000 0.000000 0.000000 0.000000 0.000000 0.000000 0.000000 0.000000 0.000000 0.000000 0.600000 0.600000 0.600000 0.600000 0.600000 0.600000 0.600000
0.716997 0.747856 0.767735 0.774811 0.771174 0.757966 0.735381 0.706572 0.657469 0.654594 0.653115 0.653551 0.656168 0.661476 0.670197 0.681652 0.653953 0.622869 0.596768 0.577949 0.565194 0.557746 0.555450 0.557815 0.524862 0.498859 0.479856 0.470200 0.469331 0.477521 0.495878 0.522370 0.470161 0.402397 0.342005 0.292979 0.251429 0.213750 0.177112 0.142724 0.101000 0.101000 0.600000 0.600000 0.600000 0.000000 0.000000 0.000000 0.000000 0.000000 0.000000 0.000000 0.000000 0.000000 0.000000 0.000000 0.000000 0.600000 0.600000 0.600000 0.600000 0.600000 0.600000
0.779403 0.786906 0.794205 0.795549 0.790068 0.778829 0.764324 0.751975 0.651279 0.650246 0.649330 0.649373 0.650827 0.653893 0.658213 0.661949 0.607581 0.594917 0.579347 0.565629 0.555297 0.548632 0.545285 0.543751 0.479469 0.470157 0.459704 0.452987 0.451677 0.456030 0.464760 0.472914 0.376377 0.348035 0.311886 0.276882 0.245356 0.217391 0.193439 0.176202 0.101000 0.101000 0.600000 0.600000 0.600000 0.000000 0.000000 0.000000 0.000000 0.000000 0.000000 0.000000 0.000000 0.000000 0.000000 0.000000 0.000000 0.600000 0.600000 0.600000 0.600000 0.600000 0.600000
0.835842 0.833479 0.830767 0.825301 0.816567 0.805567 0.794321 0.785412 0.645849 0.645007 0.644038 0.643370 0.643320 0.643981 0.645062 0.645792 0.574024 0.567103 0.557962 0.548703 0.540690 0.534532 0.530176 0.526925 0.442681 0.438455 0.433033 0.428631 0.426544 0.427011 0.429097 0.430630 0.312326 0.297442 0.277318 0.255728 0.235045 0.216550 0.201200 0.189978 0.101000 0.101000 0.101000 0.101000 0.600000 0.000000 0.000000 0.000000 0.000000 0.000000 0.000000 0.000000 0.000000 0.000000 0.000000 0.000000 0.000000 0.000000 0.600000 0.600000 0.600000 0.600000 0.600000
0.893094 0.884335 0.873532 0.860679 0.846478 0.832185 0.819264 0.809005 0.641298 0.639924 0.638215 0.636377 0.634632 0.633140 0.631940 0.630925 0.548727 0.543654 0.537129 0.529939 0.522854 0.516470 0.511133 0.506901 0.411140 0.408208 0.404441 0.400564 0.397170 0.394560 0.392657 0.391044 0.266360 0.257656 0.246285 0.233550 0.220701 0.208771 0.198585 0.190720 0.101000 0.101000 0.101000 0.101000 0.600000 0.000000 0.000000 0.000000 0.000000 0.000000 0.000000 0.000000 0.000000 0.000000 0.000000 0.000000 0.000000 0.000000 0.600000 0.600000 0.600000 0.600000 0.600000
0.958435 0.942717 0.922150 0.899150 0.875992 0.854534 0.836240 0.822134 0.638133 0.635837 0.632841 0.629287 0.625393 0.621469 0.617927 0.615243 0.528868 0.524226 0.518312 0.511250 0.503432 0.495504 0.488316 0.482771 0.382860 0.380006 0.376362 0.371729 0.366194 0.360203 0.354560 0.350287 0.229952 0.225116 0.219164 0.212055 0.204166 0.196195 0.188971 0.183233 0.101000 0.101000 0.101000 0.101000 0.600000 0.000000 0.000000 0.000000 0.000000 0.000000 0.000000 0.000000 0.000000 0.000000 0.000000 0.000000 0.000000 0.000000 0.600000 0.600000 0.600000 0.600000 0.600000
1.040957 1.014033 0.977637 0.938692 0.901472 0.868234 0.840663 0.820532 0.637380 0.633850 0.628972 0.622973 0.616090 0.608720 0.601722 0.596560 0.513624 0.508981 0.502662 0.494281 0.483949 0.472369 0.461103 0.452652 0.357316 0.354682 0.350920 0.344806 0.335911 0.324775 0.313249 0.304639 0.198000 0.196766 0.195351 0.192359 0.187489 0.181305 0.174954 0.169920 0.101000 0.101000 0.101000 0.101000 0.600000 0.600000 0.000000 0.000000 0.000000 0.000000 0.000000 0.000000 0.000000 0.000000 0.000000 0.000000 0.000000 0.000000 0.600000 0.600000 0.600000 0.600000 0.600000
1.155742 1.104349 1.039098 0.976208 0.919729 0.869670 0.826742 0.795796 0.640708 0.635226 0.627500 0.618228 0.607439 0.595085 0.581997 0.571605 0.503314 0.498774 0.491465 0.480704 0.466260 0.448307 0.428484 0.412482 0.334376 0.333531 0.330424 0.322572 0.309075 0.289934 0.267188 0.248355 0.166431 0.170811 0.175045 0.175861 0.172788 0.166428 0.158174 0.151117 0.101000 0.101000 0.101000 0.101000 0.600000 0.600000 0.000000 0.000000 0.000000 0.000000 0.000000 0.000000 0.000000 0.000000 0.000000 0.000000 0.000000 0.000000 0.600000 0.600000 0.600000 0.600000 0.600000
1.322791 1.200405 1.092133 1.004566 0.930519 0.863437 0.798154 0.736578 0.650242 0.639525 0.627794 0.615284 0.600980 0.583551 0.561494 0.536171 0.498910 0.494032 0.485021 0.471695 0.453323 0.428515 0.395405 0.356437 0.313978 0.318747 0.316919 0.307451 0.289755 0.262265 0.222616 0.173884 0.131542 0.149143 0.160404 0.164402 0.162349 0.154888 0.142102 0.125686 0.101000 0.101000 0.101000 0.101000 0.600000 0.600000 0.000000 0.000000 0.000000 0.000000 0.000000 0.000000 0.000000 0.000000 0.000000 0.000000 0.000000 0.000000 0.600000 0.600000 0.600000 0.600000 0.600000
