input_data/soil_ldas_cal_depth2.asc
ncols 464
nrows 224
xllcorner -124.937500
yllcorner 25.062500
cellsize 0.125000
NODATA_value 0
[rows 84 to 111 of 224, columns 252 to 314 of 464]
1.407733 1.412099 1.416727 1.421483 1.426731 1.432938 1.440611 1.449286 1.462028 1.463467 1.465934 1.469431 1.474111 1.480280 1.488353 1.497721 1.551565 1.578871 1.600469 1.613416 1.617403 1.611172 1.592522 1.562897 1.649930 1.749926 1.840655 1.917848 1.988796 2.060920 2.141011 2.225957 2.266657 2.221152 2.188984 2.173654 2.173654 2.188984 2.221152 2.266657 2.259480 2.197981 2.140869 2.094558 0.300000 0.300000 0.000000 0.000000 0.000000 0.000000 0.000000 0.000000 0.000000 0.000000 0.000000 0.000000 0.000000 0.000000 0.300000 0.300000 0.300000 0.300000 0.300000
1.411917 1.414114 1.417162 1.420714 1.424722 1.429186 1.433822 1.437477 1.461118 1.462409 1.464437 1.467330 1.471100 1.475671 1.480624 1.484598 1.592766 1.604971 1.619358 1.630773 1.636753 1.636116 1.629512 1.622448 1.782149 1.824003 1.878014 1.932127 1.984221 2.035148 2.083610 2.120371 2.186127 2.170726 2.153948 2.144315 2.144315 2.153948 2.170726 2.186127 2.156826 2.129138 2.092292 2.056747 0.300000 0.000000 0.000000 0.000000 0.000000 0.000000 0.000000 0.000000 0.000000 0.000000 0.000000 0.000000 0.000000 0.000000 0.300000 0.300000 0.300000 0.300000 0.300000
1.413664 1.415095 1.417058 1.419424 1.422074 1.424848 1.427442 1.429363 1.458570 1.459934 1.461774 1.464158 1.467023 1.470158 1.473160 1.475424 1.622456 1.631725 1.643427 1.655043 1.664525 1.670756 1.674110 1.676917 1.871358 1.891487 1.919279 1.949789 1.980315 2.009402 2.034987 2.053408 2.118861 2.113696 2.107024 2.102720 2.102720 2.107024 2.113696 2.118861 2.067160 2.052165 2.030579 2.007118 0.300000 0.300000 0.000000 0.000000 0.000000 0.000000 0.000000 0.000000 0.000000 0.000000 0.000000 0.000000 0.000000 0.300000 0.300000 0.300000 0.300000 0.300000 0.300000
1.413779 1.414787 1.416097 1.417633 1.419291 1.420935 1.422403 1.423525 1.454594 1.456069 1.457948 1.460170 1.462593 1.465012 1.467183 1.468867 1.642217 1.653161 1.666979 1.682337 1.697676 1.711617 1.723338 1.732777 1.935991 1.943927 1.954676 1.966831 1.979250 1.991031 2.001226 2.008764 2.058418 2.057215 2.055539 2.054406 2.054406 2.055539 2.057215 2.058418 1.991770 1.982730 1.970234 1.955742 0.300000 0.300000 0.300000 0.000000 0.000000 0.000000 0.000000 0.000000 0.000000 0.000000 0.000000 0.000000 0.300000 0.300000 0.300000 0.300000 0.300000 0.300000 0.300000
1.412857 1.413598 1.414534 1.415568 1.416591 1.417511 1.418277 1.418897 1.449173 1.450929 1.453201 1.455731 1.458261 1.460580 1.462540 1.464071 1.651033 1.666190 1.685929 1.709050 1.733928 1.758565 1.780547 1.797317 1.991486 1.989514 1.986394 1.982993 1.979733 1.976732 1.974205 1.972659 1.999786 2.001075 2.002868 2.004080 2.004080 2.002868 2.001075 1.999786 1.927267 1.922462 1.916383 1.908391 0.300000 0.300000 0.300000 0.000000 0.000000 0.000000 0.000000 0.000000 0.000000 0.000000 0.000000 0.300000 0.300000 0.300000 0.300000 0.300000 0.300000 0.300000 0.300000
1.411193 1.411849 1.412678 1.413485 1.414119 1.414506 1.414683 1.414833 1.441913 1.444407 1.447727 1.451203 1.454403 1.457107 1.459226 1.460788 1.644222 1.666041 1.695955 1.731731 1.771452 1.812775 1.851307 1.879819 2.050023 2.036958 2.018620 1.998942 1.979697 1.961486 1.945425 1.934130 1.939288 1.944637 1.951526 1.955959 1.955959 1.951526 1.944637 1.939288 1.869977 1.870117 1.870457 1.868009 1.861682 0.300000 0.300000 0.000000 0.000000 0.000000 0.000000 0.000000 0.000000 0.000000 0.300000 0.300000 1.717200 1.717200 0.300000 0.300000 0.300000 0.300000 0.300000
1.408828 1.409749 1.410821 1.411648 1.412050 1.411948 1.411397 1.410817 1.431792 1.436271 1.441852 1.447032 1.451386 1.454856 1.457447 1.459166 1.612742 1.646867 1.693733 1.747489 1.807305 1.873338 1.941671 1.995614 2.124982 2.093536 2.053519 2.014520 1.977762 1.942008 1.907666 1.881458 1.871896 1.887737 1.904894 1.914708 1.914708 1.904894 1.887737 1.871896 1.815608 1.824335 1.833386 1.836591 0.300000 0.300000 0.300000 0.300000 0.000000 0.000000 0.000000 0.000000 0.300000 1.717200 1.717200 1.717200 1.717200 1.717200 0.300000 0.300000 0.300000 0.300000 0.300000
1.405628 1.407742 1.409382 1.410342 1.410612 1.410107 1.408666 1.406392 1.417336 1.427872 1.436945 1.443953 1.449413 1.453724 1.457126 1.459587 1.544642 1.613468 1.684776 1.756560 1.834509 1.925651 2.037679 2.164480 2.230924 2.152776 2.083797 2.026673 1.975197 1.923191 1.864975 1.802152 1.791356 1.837694 1.870241 1.885714 1.885714 1.870241 1.837694 1.791356 1.760614 1.788680 1.808159 1.816017 1.813235 1.800651 0.300000 0.300000 0.300000 0.300000 0.300000 1.717200 1.717200 1.717200 1.717200 1.717200 1.717200 1.717200 1.717200 1.717200 0.300000 0.300000 0.300000
1.402500 1.402500 1.402500 1.402500 1.402500 1.402500 1.402500 1.402500 1.413412 1.421672 1.429310 1.435827 1.441572 1.446857 1.451906 1.456478 1.544608 1.613483 1.684829 1.756646 1.834627 1.925800 2.037858 2.164696 2.198033 2.097530 2.011212 1.943949 1.889625 1.842949 1.799933 1.761082 1.717200 1.717200 1.717200 1.717200 1.717200 1.717200 1.717200 1.717200 1.717200 1.717200 1.717200 1.717200 1.717200 1.717200 1.717200 1.717200 1.717200 1.717200 1.717200 1.717200 1.717200 1.717200 1.717200 1.717200 1.717200 1.717200 1.717200 1.717200 0.400000 0.400000 0.300000
1.402500 1.402500 1.402500 1.402500 1.402500 1.402500 1.402500 1.402500 1.423387 1.427305 1.432357 1.437463 1.442247 1.446569 1.450250 1.452900 1.612533 1.646731 1.693686 1.747523 1.807426 1.873576 1.942081 1.996218 2.058547 2.017231 1.965769 1.917984 1.876956 1.842267 1.813726 1.793617 1.717200 1.717200 1.717200 1.717200 1.717200 1.717200 1.717200 1.717200 1.717200 1.717200 1.717200 1.717200 1.717200 1.717200 1.717200 1.717200 1.717200 1.717200 1.717200 1.717200 1.717200 1.717200 1.717200 1.717200 0.400000 1.717200 0.400000 0.400000 0.400000 0.400000 0.400000
1.402500 1.402500 1.402500 1.402500 1.402500 1.402500 1.402500 1.402500 1.429434 1.432105 1.435640 1.439549 1.443432 1.446986 1.449968 1.452207 1.643909 1.665809 1.695862 1.731806 1.771712 1.813241 1.851991 1.880681 1.958741 1.938630 1.911414 1.883124 1.857112 1.834762 1.816797 1.803908 1.717200 1.717200 1.717200 1.717200 1.717200 1.717200 1.717200 1.717200 1.717200 1.717200 1.717200 1.717200 1.717200 1.717200 1.717200 1.717200 1.717200 1.717200 1.717200 1.717200 0.400000 0.400000 0.400000 0.400000 0.400000 0.400000 0.400000 0.400000 0.400000 0.400000 0.400000
1.402500 1.402500 1.402500 1.402500 1.402500 1.402500 1.402500 1.402500 1.432567 1.434975 1.438066 1.441580 1.445204 1.448624 1.451574 1.453880 1.650737 1.666014 1.685951 1.709312 1.734429 1.759276 1.781422 1.798302 1.882638 1.872810 1.859767 1.845395 1.831262 1.818470 1.807777 1.799654 1.717200 1.717200 1.717200 1.717200 1.717200 1.717200 1.717200 1.717200 1.717200 1.717200 1.717200 1.717200 1.717200 1.717200 1.717200 1.717200 1.717200 1.717200 1.717200 1.717200 0.400000 0.400000 0.400000 0.400000 0.400000 0.400000 0.400000 0.400000 0.400000 0.400000 0.400000
1.402500 1.402500 1.402500 1.402500 1.402500 1.402500 1.402500 1.402500 1.433291 1.435926 1.439339 1.443287 1.447459 1.451509 1.455071 1.457816 1.642020 1.653160 1.667268 1.682932 1.698518 1.712597 1.724347 1.733773 1.817296 1.814710 1.811769 1.807761 1.802642 1.796948 1.791500 1.787091 1.717200 1.717200 1.717200 1.717200 1.717200 1.717200 1.717200 1.717200 1.717200 1.717200 1.717200 1.717200 1.717200 1.717200 1.717200 1.717200 1.717200 1.717200 1.717200 1.717200 0.400000 0.400000 0.400000 0.400000 0.400000 0.400000 0.400000 0.400000 0.400000 0.400000 0.400000
0.200000 0.200000 0.200000 0.200000 0.200000 1.402500 1.402500 1.402500 1.431367 1.434702 1.439214 1.444461 1.450073 1.455685 1.460768 1.464550 1.622370 1.631969 1.644101 1.656096 1.665810 1.672061 1.675227 1.677804 1.753675 1.759070 1.766546 1.772274 1.774798 1.774416 1.772356 1.770282 1.717200 1.717200 1.717200 1.717200 1.717200 1.717200 1.717200 1.717200 1.717200 1.717200 1.717200 1.717200 1.717200 1.717200 1.717200 1.717200 1.717200 1.717200 1.717200 0.400000 0.400000 0.400000 0.400000 0.400000 0.400000 0.400000 0.400000 0.400000 0.400000 0.400000 0.400000
0.200000 0.200000 0.200000 0.200000 0.200000 0.200000 1.402500 1.402500 1.425792 1.430823 1.437566 1.444975 1.452805 1.461011 1.469155 1.475488 1.592755 1.605546 1.620521 1.632349 1.638538 1.637835 1.630797 1.623106 1.682678 1.702221 1.724735 1.741562 1.751245 1.754744 1.753845 1.751603 1.717200 1.717200 1.717200 1.717200 1.717200 1.717200 1.717200 1.717200 1.717200 0.400000 1.717200 1.717200 1.717200 1.717200 1.717200 1.717200 1.717200 0.400000 0.400000 0.400000 0.400000 0.400000 0.400000 0.400000 0.400000 0.400000 0.400000 0.400000 0.400000 0.400000 0.400000
0.200000 0.200000 0.200000 0.200000 0.200000 0.200000 1.402500 1.402500 1.415087 1.425299 1.435427 1.445089 1.454975 1.465879 1.478627 1.492590 1.551800 1.580014 1.602130 1.615405 1.619574 1.613320 1.594268 1.563503 1.595016 1.650386 1.692706 1.719670 1.734945 1.741137 1.739670 1.732310 1.717200 1.717200 1.717200 1.717200 1.717200 1.717200 1.717200 1.717200 1.717200 0.400000 0.400000 0.400000 1.717200 1.717200 0.400000 0.400000 0.400000 0.400000 0.400000 0.400000 0.400000 0.400000 0.400000 0.400000 0.400000 0.400000 0.400000 0.400000 0.400000 0.400000 0.400000
0.200000 0.200000 0.200000 0.200000 0.200000 0.200000 0.200000 1.403103 1.418258 1.430611 1.442355 1.452924 1.463021 1.473374 1.484665 1.496367 1.521977 1.529461 1.535268 1.538693 1.539697 1.537961 1.532888 1.524786 1.553607 1.584510 1.611470 1.633125 1.651364 1.667859 1.683939 1.699256 1.717200 1.717200 1.717200 1.717200 1.717200 1.717200 1.717200 1.717200 1.717200 0.400000 0.400000 0.400000 0.400000 0.400000 0.400000 0.400000 0.400000 0.400000 0.400000 0.400000 0.400000 0.400000 0.400000 0.400000 0.400000 0.400000 0.400000 0.400000 0.400000 0.400000 0.400000
0.200000 0.200000 0.200000 0.200000 0.200000 0.200000 0.200000 1.403863 1.432218 1.438154 1.445931 1.454096 1.462245 1.470272 1.477805 1.483514 1.532997 1.536326 1.540199 1.543200 1.544693 1.544373 1.542407 1.540291 1.594378 1.607590 1.624161 1.639952 1.654042 1.666512 1.677243 1.685010 1.717200 1.717200 1.717200 1.717200 1.717200 1.717200 1.717200 1.717200 1.717200 1.717200 0.400000 0.400000 0.400000 0.400000 0.400000 0.400000 0.400000 0.400000 0.400000 0.400000 0.400000 0.400000 0.400000 0.400000 0.400000 0.400000 0.400000 0.400000 0.400000 0.400000 0.400000
0.200000 0.200000 0.200000 0.200000 0.200000 0.200000 0.200000 1.404616 1.440295 1.444205 1.449453 1.455391 1.461511 1.467386 1.472534 1.476366 1.541102 1.543498 1.546531 1.549494 1.551839 1.553275 1.553918 1.554433 1.622727 1.629675 1.639041 1.648989 1.658443 1.666864 1.673841 1.678908 1.717200 1.717200 1.717200 1.717200 1.717200 1.717200 1.717200 1.717200 1.717200 0.400000 0.400000 0.400000 0.400000 0.400000 0.400000 0.400000 0.400000 0.400000 0.400000 0.400000 0.400000 0.400000 0.400000 0.400000 0.400000 0.400000 0.400000 0.400000 0.400000 0.400000 0.400000
0.200000 0.200000 0.200000 0.200000 0.200000 0.200000 0.200000 1.405409 1.444137 1.447352 1.451514 1.456288 1.461266 1.466023 1.470159 1.473356 1.546719 1.549403 1.552816 1.556603 1.560359 1.563736 1.566536 1.568770 1.643221 1.647267 1.652586 1.658537 1.664525 1.670065 1.674772 1.678368 1.717200 1.717200 1.717200 1.717200 1.717200 1.717200 1.717200 1.717200 1.717200 0.400000 0.400000 0.400000 0.400000 0.400000 0.400000 0.400000 0.400000 0.400000 0.400000 0.400000 0.400000 0.400000 0.400000 0.400000 0.400000 0.400000 0.400000 0.400000 0.400000 0.400000 0.400000
0.200000 0.200000 0.200000 0.200000 0.200000 0.200000 0.200000 0.200000 1.444789 1.447933 1.451996 1.456671 1.461563 1.466256 1.470347 1.473511 1.549718 1.553322 1.558045 1.563613 1.569641 1.575646 1.581022 1.585106 1.659501 1.661707 1.664468 1.667810 1.671544 1.675323 1.678737 1.681423 1.717200 1.717200 1.717200 1.717200 1.717200 1.717200 1.717200 1.717200 0.500000 0.400000 0.400000 0.400000 0.400000 0.400000 0.400000 0.400000 0.400000 0.400000 0.400000 0.400000 0.400000 0.400000 0.400000 0.400000 0.400000 0.400000 0.400000 0.400000 0.400000 0.400000 0.400000
0.200000 0.200000 0.200000 0.200000 0.200000 0.200000 0.200000 0.200000 1.442348 1.446006 1.450914 1.456520 1.462364 1.468035 1.473046 1.476785 1.549120 1.554201 1.561204 1.569660 1.579165 1.589189 1.598653 1.605676 1.673809 1.674285 1.674885 1.676293 1.678631 1.681609 1.684668 1.687086 1.717200 1.717200 1.717200 1.717200 1.717200 1.717200 0.500000 0.500000 0.500000 0.400000 0.400000 0.400000 0.400000 0.400000 0.400000 0.400000 0.400000 0.400000 0.400000 0.400000 0.400000 0.400000 0.400000 0.400000 0.400000 0.400000 0.400000 0.400000 0.400000 0.400000 0.400000
0.200000 0.200000 0.200000 0.200000 0.200000 0.200000 0.200000 0.200000 1.436015 1.441353 1.448392 1.455903 1.463538 1.471189 1.478477 1.484047 1.542998 1.550795 1.561546 1.574024 1.588135 1.603990 1.620700 1.634082 1.687949 1.685756 1.683727 1.683381 1.684878 1.687909 1.691839 1.695232 1.717200 1.717200 1.717200 1.717200 1.717200 1.717200 0.500000 0.500000 0.500000 0.400000 0.400000 0.400000 0.400000 0.400000 0.400000 0.400000 0.400000 0.400000 0.400000 0.400000 0.400000 0.400000 0.400000 0.400000 0.400000 0.400000 0.400000 0.400000 0.400000 0.400000 0.400000
0.200000 0.200000 0.200000 0.200000 0.200000 0.200000 0.200000 0.200000 1.424466 1.435253 1.445663 1.455238 1.464594 1.474386 1.485255 1.496704 1.528893 1.544228 1.560256 1.576687 1.594871 1.616506 1.643530 1.674712 1.703443 1.695202 1.690074 1.688323 1.689335 1.692789 1.698657 1.706263 1.717200 1.717200 1.717200 1.717200 1.717200 0.500000 0.500000 0.500000 0.400000 0.400000 0.400000 0.400000 0.400000 0.400000 0.400000 0.400000 0.400000 0.400000 0.400000 0.400000 0.400000 0.400000 0.400000 0.400000 0.400000 0.400000 0.400000 0.400000 0.400000 0.400000 0.400000
0.200000 0.200000 0.200000 0.200000 0.200000 0.200000 0.200000 0.200000 1.426007 1.439137 1.452181 1.463817 1.474297 1.484045 1.493440 1.501988 1.539449 1.562164 1.583901 1.603712 1.622911 1.642875 1.664937 1.688122 1.716770 1.716484 1.716289 1.716212 1.716242 1.716370 1.716588 1.716855 1.717200 1.717200 1.717200 1.717200 1.717200 0.500000 0.500000 0.400000 0.400000 0.400000 0.400000 0.400000 0.400000 0.400000 0.400000 0.400000 0.400000 0.400000 0.400000 0.400000 0.400000 0.400000 0.400000 0.400000 0.400000 0.400000 0.400000 0.400000 0.400000 0.400000 0.400000
0.200000 0.200000 0.200000 0.200000 0.200000 0.200000 0.200000 0.200000 1.441466 1.448278 1.457248 1.466367 1.474892 1.482585 1.489165 1.493810 1.564144 1.575271 1.589885 1.605361 1.620983 1.636559 1.651350 1.662643 1.716230 1.716138 1.716045 1.716013 1.716057 1.716168 1.716318 1.716447 1.717200 1.717200 1.717200 0.500000 0.500000 0.500000 0.400000 0.400000 0.400000 0.400000 0.400000 0.400000 0.400000 0.400000 0.400000 0.400000 0.400000 0.400000 0.400000 0.400000 0.400000 0.400000 0.400000 0.400000 0.400000 0.400000 0.400000 0.400000 0.400000 0.400000 0.400000
0.200000 0.200000 0.200000 0.200000 0.200000 0.200000 0.200000 0.200000 0.200000 1.457325 1.463342 1.469861 1.476147 1.481747 1.486320 1.489559 1.578058 1.585539 1.595593 1.607036 1.618914 1.630404 1.640532 1.648071 1.715695 1.715691 1.715686 1.715712 1.715779 1.715879 1.715991 0.500000 0.500000 0.500000 0.500000 0.500000 0.500000 0.500000 0.400000 0.400000 0.400000 0.400000 0.400000 0.400000 0.400000 0.400000 0.400000 0.400000 0.400000 0.400000 0.400000 0.400000 0.400000 0.400000 0.400000 0.400000 0.400000 0.400000 0.400000 0.400000 0.400000 0.400000 0.400000
0.200000 0.200000 0.200000 0.200000 0.200000 0.200000 0.200000 0.200000 0.200000 0.200000 0.200000 1.473676 1.478356 1.482544 1.485976 1.488506 1.584044 1.590323 1.598471 1.607846 1.617647 1.627034 1.635201 1.641494 1.715132 1.715180 1.715242 1.715326 1.715429 0.500000 0.500000 0.500000 0.500000 0.500000 0.500000 0.500000 0.500000 0.400000 0.400000 0.400000 0.400000 0.400000 0.400000 0.400000 0.400000 0.400000 0.400000 0.400000 0.400000 0.400000 0.400000 0.400000 0.400000 0.400000 0.400000 0.400000 0.400000 0.400000 0.400000 0.400000 0.400000 0.400000 0.400000
