input_data/soil_ldas_cal_depth3.asc
ncols 464
nrows 224
xllcorner -124.937500
yllcorner 25.062500
cellsize 0.125000
NODATA_value 0
[rows 140 to 167 of 224, columns 189 to 251 of 464]
1.040000 1.040000 1.040000 1.050000 1.060000 1.070000 1.080000 1.080000 1.070000 1.060000 1.050000 1.040000 1.030000 1.020000 1.010000 0.990000 0.990000 0.990000 0.980000 0.980000 0.980000 0.970000 0.960000 0.950000 0.940000 0.940000 0.940000 0.940000 0.930000 0.930000 0.930000 0.890000 0.860000 0.830000 0.810000 0.790000 0.760000 0.740000 0.720000 0.700000 0.700000 0.710000 0.710000 0.720000 0.720000 0.730000 0.750000 0.750000 0.750000 0.750000 0.740000 0.740000 0.750000 0.750000 0.750000 0.760000 0.750000 0.750000 0.750000 0.750000 0.750000 0.750000 0.750000
1.030000 1.040000 1.040000 1.040000 1.050000 1.060000 1.060000 1.070000 1.070000 1.060000 1.050000 1.050000 1.040000 1.030000 1.020000 0.990000 0.990000 0.990000 0.990000 0.980000 0.980000 0.970000 0.970000 0.940000 0.940000 0.940000 0.940000 0.940000 0.930000 0.930000 0.930000 0.860000 0.840000 0.820000 0.800000 0.790000 0.770000 0.750000 0.740000 0.700000 0.700000 0.700000 0.710000 0.710000 0.720000 0.730000 0.730000 0.750000 0.740000 0.740000 0.740000 0.740000 0.740000 0.750000 0.750000 0.750000 0.750000 0.750000 0.750000 0.750000 0.750000 0.750000 0.750000
1.030000 1.030000 1.030000 1.040000 1.040000 1.050000 1.050000 1.070000 1.070000 1.060000 1.050000 1.050000 1.040000 1.040000 1.030000 0.990000 0.990000 0.990000 0.990000 0.980000 0.980000 0.980000 0.980000 0.940000 0.940000 0.940000 0.940000 0.940000 0.930000 0.930000 0.930000 0.830000 0.820000 0.810000 0.800000 0.780000 0.770000 0.760000 0.750000 0.700000 0.700000 0.700000 0.700000 0.710000 0.710000 0.720000 0.720000 0.740000 0.740000 0.740000 0.740000 0.740000 0.740000 0.740000 0.740000 0.750000 0.750000 0.740000 0.740000 0.740000 0.740000 0.750000 0.750000
1.020000 1.020000 1.030000 1.030000 1.040000 1.050000 1.050000 1.070000 1.070000 1.060000 1.060000 1.050000 1.050000 1.040000 1.040000 0.990000 0.990000 0.990000 0.990000 0.990000 0.990000 0.980000 0.980000 0.940000 0.940000 0.940000 0.940000 0.930000 0.930000 0.930000 0.930000 0.820000 0.810000 0.800000 0.790000 0.780000 0.770000 0.760000 0.750000 0.690000 0.700000 0.700000 0.700000 0.700000 0.710000 0.710000 0.710000 0.740000 0.730000 0.730000 0.740000 0.740000 0.740000 0.740000 0.740000 0.740000 0.740000 0.740000 0.740000 0.740000 0.740000 0.740000 0.740000
1.000000 1.010000 1.020000 1.030000 1.040000 1.040000 1.050000 1.070000 1.070000 1.060000 1.060000 1.050000 1.050000 1.040000 1.040000 1.000000 1.000000 0.990000 0.990000 0.990000 0.990000 0.990000 0.990000 0.950000 0.950000 0.940000 0.940000 0.930000 0.930000 0.920000 0.920000 0.810000 0.810000 0.800000 0.790000 0.770000 0.760000 0.750000 0.750000 0.690000 0.690000 0.690000 0.700000 0.700000 0.700000 0.700000 0.710000 0.730000 0.730000 0.730000 0.730000 0.730000 0.730000 0.730000 0.730000 0.740000 0.740000 0.740000 0.740000 0.740000 0.740000 0.740000 0.740000
0.990000 1.000000 1.010000 1.020000 1.040000 1.050000 1.060000 1.080000 1.070000 1.070000 1.060000 1.050000 1.050000 1.040000 1.040000 1.000000 1.000000 1.000000 1.000000 0.990000 0.990000 0.990000 0.990000 0.950000 0.950000 0.940000 0.940000 0.930000 0.920000 0.920000 0.910000 0.810000 0.810000 0.800000 0.780000 0.770000 0.750000 0.740000 0.730000 0.680000 0.680000 0.690000 0.690000 0.690000 0.700000 0.700000 0.700000 0.720000 0.720000 0.730000 0.730000 0.730000 0.730000 0.730000 0.730000 0.730000 0.730000 0.730000 0.740000 0.740000 0.740000 0.740000 0.740000
0.960000 0.980000 1.000000 1.020000 1.040000 1.060000 1.070000 1.090000 1.080000 1.070000 1.060000 1.060000 1.050000 1.040000 1.040000 1.000000 1.000000 1.000000 1.000000 1.000000 1.000000 1.000000 1.000000 0.960000 0.960000 0.950000 0.940000 0.930000 0.920000 0.910000 0.900000 0.820000 0.810000 0.800000 0.780000 0.760000 0.750000 0.730000 0.710000 0.670000 0.680000 0.680000 0.690000 0.690000 0.700000 0.700000 0.700000 0.720000 0.720000 0.720000 0.720000 0.720000 0.720000 0.720000 0.720000 0.720000 0.730000 0.730000 0.730000 0.730000 0.740000 0.400000 0.400000
0.940000 0.970000 1.000000 1.020000 1.040000 1.070000 1.090000 1.100000 1.090000 1.080000 1.070000 1.060000 1.050000 1.040000 1.030000 1.010000 1.010000 1.000000 1.000000 1.000000 1.000000 1.000000 1.000000 0.980000 0.970000 0.950000 0.940000 0.930000 0.910000 0.900000 0.880000 0.840000 0.820000 0.800000 0.780000 0.760000 0.740000 0.710000 0.680000 0.650000 0.670000 0.680000 0.680000 0.690000 0.690000 0.700000 0.700000 0.710000 0.710000 0.720000 0.720000 0.720000 0.720000 0.720000 0.710000 0.720000 0.720000 0.730000 0.400000 0.400000 0.400000 0.400000 0.400000
0.900000 0.940000 0.970000 1.000000 1.030000 1.070000 1.090000 1.110000 1.100000 1.090000 1.080000 1.060000 1.050000 1.040000 1.030000 1.010000 1.000000 0.990000 0.990000 0.990000 0.990000 0.990000 0.990000 0.980000 0.960000 0.940000 0.930000 0.910000 0.900000 0.890000 0.870000 0.840000 0.830000 0.810000 0.790000 0.770000 0.740000 0.710000 0.680000 0.700000 0.740000 0.770000 0.780000 0.790000 0.790000 0.770000 0.740000 0.760000 0.800000 0.830000 0.850000 0.850000 0.830000 0.810000 0.770000 0.770000 0.810000 0.850000 0.880000 0.400000 0.400000 0.400000 0.400000
0.920000 0.940000 0.970000 1.000000 1.030000 1.050000 1.070000 1.100000 1.090000 1.090000 1.080000 1.070000 1.050000 1.050000 1.040000 1.000000 0.990000 0.990000 0.980000 0.980000 0.980000 0.980000 0.980000 0.960000 0.950000 0.940000 0.920000 0.910000 0.900000 0.890000 0.880000 0.830000 0.820000 0.810000 0.790000 0.780000 0.760000 0.740000 0.720000 0.750000 0.770000 0.790000 0.800000 0.810000 0.810000 0.800000 0.790000 0.830000 0.840000 0.860000 0.870000 0.870000 0.860000 0.840000 0.830000 0.830000 0.860000 0.880000 0.910000 0.930000 0.400000 0.400000 0.400000
0.940000 0.950000 0.970000 1.000000 1.020000 1.030000 1.050000 1.090000 1.090000 1.080000 1.070000 1.070000 1.060000 1.050000 1.050000 0.990000 0.990000 0.980000 0.980000 0.980000 0.970000 0.970000 0.970000 0.940000 0.930000 0.930000 0.920000 0.910000 0.900000 0.900000 0.890000 0.820000 0.820000 0.810000 0.800000 0.790000 0.780000 0.770000 0.760000 0.800000 0.810000 0.820000 0.830000 0.830000 0.840000 0.840000 0.830000 0.880000 0.890000 0.890000 0.900000 0.900000 0.890000 0.890000 0.880000 0.890000 0.900000 0.920000 0.940000 0.950000 0.400000 0.400000 0.400000
0.950000 0.960000 0.980000 0.990000 1.010000 1.020000 1.030000 1.090000 1.080000 1.080000 1.070000 1.070000 1.060000 1.060000 1.050000 0.980000 0.980000 0.970000 0.970000 0.970000 0.960000 0.960000 0.960000 0.930000 0.920000 0.920000 0.910000 0.910000 0.900000 0.900000 0.900000 0.820000 0.820000 0.810000 0.810000 0.800000 0.800000 0.790000 0.790000 0.830000 0.840000 0.850000 0.860000 0.860000 0.870000 0.880000 0.880000 0.930000 0.930000 0.930000 0.930000 0.930000 0.930000 0.930000 0.930000 0.950000 0.950000 0.960000 0.970000 0.980000 0.990000 0.400000 0.400000
1.000000 0.970000 0.980000 0.990000 1.000000 1.010000 1.020000 1.080000 1.080000 1.080000 1.070000 1.070000 1.060000 1.060000 1.060000 0.970000 0.970000 0.960000 0.960000 0.960000 0.950000 0.950000 0.950000 0.910000 0.910000 0.910000 0.910000 0.910000 0.900000 0.900000 0.900000 0.820000 0.820000 0.820000 0.820000 0.810000 0.810000 0.810000 0.810000 0.860000 0.870000 0.880000 0.880000 0.890000 0.910000 0.920000 0.930000 0.980000 0.980000 0.970000 0.970000 0.970000 0.970000 0.970000 0.970000 0.990000 0.990000 1.000000 1.000000 1.000000 1.010000 0.400000 0.400000
1.000000 0.970000 0.980000 0.990000 1.000000 1.010000 1.010000 1.080000 1.080000 1.080000 1.070000 1.070000 1.070000 1.060000 1.060000 0.960000 0.960000 0.960000 0.950000 0.950000 0.940000 0.930000 0.930000 0.900000 0.900000 0.900000 0.900000 0.900000 0.900000 0.900000 0.900000 0.820000 0.820000 0.820000 0.830000 0.830000 0.830000 0.840000 0.840000 0.890000 0.890000 0.900000 0.910000 0.930000 0.940000 0.960000 0.980000 1.030000 1.020000 1.010000 1.010000 1.000000 1.010000 1.010000 1.010000 1.040000 1.030000 1.030000 1.020000 1.020000 1.030000 1.030000 0.400000
1.000000 1.000000 0.980000 0.990000 1.000000 1.000000 1.010000 1.080000 1.080000 1.070000 1.070000 1.070000 1.070000 1.060000 1.060000 0.960000 0.950000 0.950000 0.940000 0.940000 0.930000 0.920000 0.910000 0.890000 0.890000 0.900000 0.900000 0.900000 0.900000 0.900000 0.900000 0.830000 0.830000 0.830000 0.840000 0.840000 0.850000 0.860000 0.870000 0.910000 0.910000 0.920000 0.930000 0.950000 0.980000 1.020000 1.050000 1.090000 1.070000 1.050000 1.040000 1.030000 1.040000 1.050000 1.060000 1.080000 1.070000 1.050000 1.040000 1.040000 1.040000 1.050000 1.050000
1.000000 1.000000 1.000000 1.000000 1.000000 1.000000 1.000000 1.080000 1.080000 1.070000 1.070000 1.070000 1.070000 1.070000 1.000000 0.950000 1.000000 0.940000 0.940000 0.930000 0.920000 0.900000 0.890000 0.880000 0.890000 0.890000 0.900000 0.900000 0.900000 1.000000 1.000000 1.000000 1.000000 1.000000 1.000000 1.000000 0.870000 0.880000 0.900000 0.920000 0.920000 0.930000 0.950000 0.980000 1.010000 1.070000 1.140000 1.160000 1.110000 1.080000 1.060000 1.050000 1.060000 1.080000 1.120000 1.130000 1.100000 1.070000 1.060000 1.050000 1.050000 1.060000 1.070000
1.000000 1.000000 1.000000 1.000000 1.000000 1.000000 1.000000 1.000000 1.000000 1.000000 1.000000 1.000000 1.000000 1.000000 1.000000 1.000000 1.000000 1.000000 1.000000 0.870000 0.870000 0.870000 0.870000 1.000000 1.000000 1.000000 1.000000 1.000000 1.000000 1.000000 1.000000 1.000000 1.000000 1.000000 1.000000 1.000000 1.000000 1.000000 1.000000 0.960000 0.990000 1.020000 1.060000 1.100000 1.130000 1.170000 1.200000 1.220000 1.220000 1.210000 1.200000 1.200000 1.190000 1.180000 1.180000 1.160000 1.160000 1.150000 1.140000 1.130000 1.120000 1.110000 1.090000
1.000000 1.000000 1.000000 1.000000 1.000000 1.000000 1.000000 1.000000 1.000000 1.000000 1.000000 1.000000 1.000000 1.000000 1.000000 1.000000 1.000000 1.000000 1.000000 1.000000 1.000000 1.000000 1.000000 1.000000 1.000000 1.000000 1.000000 1.000000 1.000000 1.000000 1.000000 1.000000 1.000000 1.000000 1.000000 1.000000 1.000000 1.000000 1.000000 1.000000 1.000000 1.030000 1.070000 1.100000 1.130000 1.150000 1.170000 1.220000 1.210000 1.210000 1.200000 1.200000 1.190000 1.190000 1.180000 1.160000 1.160000 1.150000 1.140000 1.140000 1.130000 1.120000 1.110000
1.000000 1.000000 1.000000 1.000000 1.000000 1.000000 1.000000 1.000000 1.000000 1.000000 1.000000 1.000000 1.000000 1.000000 1.000000 1.000000 1.000000 1.000000 1.000000 1.000000 1.000000 1.000000 1.000000 1.000000 1.000000 1.000000 1.000000 1.000000 1.000000 1.000000 1.000000 1.000000 1.000000 1.000000 1.000000 1.000000 1.000000 1.000000 1.000000 1.000000 1.000000 1.000000 1.070000 1.090000 1.120000 1.130000 1.150000 1.210000 1.210000 1.210000 1.200000 1.200000 1.200000 1.190000 1.190000 1.160000 1.160000 1.150000 1.150000 1.140000 1.130000 1.130000 1.120000
1.000000 1.000000 1.000000 1.000000 1.000000 1.000000 1.000000 1.000000 1.000000 1.000000 1.000000 1.000000 1.000000 1.000000 1.000000 1.000000 1.000000 1.000000 1.000000 1.000000 1.000000 1.000000 1.000000 1.000000 1.000000 1.000000 1.000000 1.000000 1.000000 1.000000 1.000000 1.000000 1.000000 1.000000 1.000000 1.000000 1.000000 1.000000 1.000000 1.000000 1.000000 1.000000 1.000000 1.000000 1.110000 1.120000 1.130000 1.210000 1.210000 1.200000 1.200000 1.200000 1.200000 1.200000 1.190000 1.160000 1.160000 1.150000 1.150000 1.140000 1.140000 1.130000 1.130000
1.000000 1.000000 1.000000 1.000000 1.000000 1.000000 1.000000 1.000000 1.000000 1.000000 1.000000 1.000000 1.000000 1.000000 1.000000 1.000000 1.000000 1.000000 1.000000 1.000000 1.000000 1.000000 1.000000 1.000000 1.000000 1.000000 1.000000 1.000000 1.000000 1.000000 1.000000 1.000000 1.000000 1.000000 1.000000 1.000000 1.000000 1.000000 1.000000 1.000000 1.000000 1.000000 1.000000 1.000000 1.000000 1.000000 1.000000 1.000000 1.200000 1.200000 1.200000 1.200000 1.200000 1.200000 1.200000 1.160000 1.160000 1.160000 1.150000 1.150000 1.140000 1.140000 1.140000
1.000000 1.000000 1.000000 1.000000 1.000000 1.000000 1.000000 1.000000 1.000000 1.000000 1.000000 1.000000 1.000000 1.000000 1.000000 1.000000 1.000000 1.000000 1.000000 1.000000 1.000000 1.000000 1.000000 1.000000 1.000000 1.000000 1.000000 1.000000 1.000000 1.000000 1.000000 1.000000 1.000000 1.000000 1.000000 1.000000 1.000000 1.000000 1.000000 1.000000 1.000000 1.000000 1.000000 1.000000 1.000000 1.000000 1.000000 1.000000 1.000000 1.200000 1.200000 1.200000 1.200000 1.200000 1.200000 1.170000 1.170000 1.160000 1.160000 1.150000 1.150000 1.150000 1.140000
1.000000 1.000000 1.000000 1.000000 1.000000 1.000000 1.000000 1.000000 1.000000 1.000000 1.000000 1.000000 1.000000 1.000000 1.000000 1.000000 1.000000 1.000000 1.000000 1.000000 1.000000 1.000000 1.000000 1.000000 1.000000 1.000000 1.000000 1.000000 1.000000 1.000000 1.000000 1.000000 1.000000 1.000000 1.000000 1.000000 1.000000 1.000000 1.000000 1.000000 1.000000 1.000000 1.000000 1.000000 1.000000 1.000000 1.000000 1.000000 1.000000 1.200000 1.200000 1.200000 1.200000 1.200000 1.200000 1.180000 1.180000 1.170000 1.160000 1.160000 1.150000 1.150000 1.150000
1.000000 1.000000 1.000000 1.000000 1.000000 1.000000 1.000000 1.000000 1.000000 1.000000 1.000000 1.000000 1.000000 1.000000 1.000000 1.000000 1.000000 1.000000 1.000000 1.000000 1.000000 1.000000 1.000000 1.000000 1.000000 1.000000 1.000000 1.000000 1.000000 1.000000 1.000000 1.000000 1.000000 1.000000 1.000000 1.000000 1.000000 1.000000 1.000000 1.000000 1.000000 1.000000 1.000000 1.000000 1.000000 1.000000 1.000000 1.000000 1.000000 1.000000 1.000000 1.000000 1.200000 1.200000 1.200000 1.190000 1.180000 1.170000 1.170000 1.160000 1.160000 1.150000 1.150000
1.000000 1.000000 1.000000 1.000000 1.000000 1.000000 1.000000 1.000000 1.000000 1.000000 1.000000 1.000000 1.000000 1.000000 1.000000 1.000000 1.000000 1.000000 1.000000 1.000000 1.000000 1.000000 1.000000 1.000000 1.000000 1.000000 1.000000 1.000000 1.000000 1.000000 1.000000 1.000000 1.000000 1.000000 1.000000 1.000000 1.000000 1.000000 1.000000 1.000000 1.000000 1.000000 1.000000 1.000000 1.000000 1.000000 1.000000 1.000000 1.000000 1.000000 1.000000 1.000000 1.000000 1.000000 1.000000 1.000000 1.000000 1.200000 1.200000 1.200000 1.200000 1.200000 1.200000
1.000000 1.000000 1.000000 1.000000 1.000000 1.000000 1.000000 1.000000 1.000000 1.000000 1.000000 1.000000 1.000000 1.000000 1.000000 1.000000 1.000000 1.000000 1.000000 1.000000 1.000000 1.000000 1.000000 1.000000 1.000000 1.000000 1.000000 1.000000 1.000000 1.000000 1.000000 1.000000 1.000000 1.000000 1.000000 1.000000 1.000000 1.000000 1.000000 1.000000 1.000000 1.000000 1.000000 1.000000 1.000000 1.000000 1.000000 1.000000 1.000000 1.000000 1.000000 1.000000 1.000000 1.000000 1.000000 1.000000 1.000000 1.000000 1.200000 1.200000 1.200000 1.200000 1.200000
1.000000 1.000000 1.000000 1.000000 1.000000 1.000000 1.000000 1.000000 1.000000 1.000000 1.000000 1.000000 1.000000 1.000000 1.000000 1.000000 1.000000 1.000000 1.000000 1.000000 1.000000 1.000000 1.000000 1.000000 1.000000 1.000000 1.000000 1.000000 1.000000 1.000000 1.000000 1.000000 1.000000 1.000000 1.000000 1.000000 1.000000 1.000000 1.000000 1.000000 1.000000 1.000000 1.000000 1.000000 1.000000 1.000000 1.000000 1.000000 1.000000 1.000000 1.000000 1.000000 1.000000 1.000000 1.000000 1.000000 1.000000 1.000000 1.000000 1.200000 1.200000 1.200000 1.200000
1.000000 1.000000 1.000000 1.000000 1.000000 1.000000 1.000000 1.000000 1.000000 1.000000 1.000000 1.000000 1.000000 1.000000 1.000000 1.000000 1.000000 1.000000 1.000000 1.000000 1.000000 1.000000 1.000000 1.000000 1.000000 1.000000 1.000000 1.000000 1.000000 1.000000 1.000000 1.000000 1.000000 1.000000 1.000000 1.000000 1.000000 1.000000 1.000000 1.000000 1.000000 1.000000 1.000000 1.000000 1.000000 1.000000 1.000000 1.000000 1.000000 1.000000 1.000000 1.000000 1.000000 1.000000 1.000000 1.000000 1.000000 1.000000 1.000000 1.000000 1.200000 1.200000 1.200000
