input_data/soil_ldas_cal_depth2.asc
ncols 464
nrows 224
xllcorner -124.937500
yllcorner 25.062500
cellsize 0.125000
NODATA_value 0
[rows 112 to 139 of 224, columns 189 to 251 of 464]
0.400000 0.400000 0.400000 0.400000 0.400000 0.400000 0.400000 0.400000 0.400000 0.400000 0.400000 0.400000 0.400000 0.400000 0.400000 0.400000 0.400000 0.400000 0.400000 0.400000 0.400000 0.400000 0.400000 0.400000 0.400000 0.400000 0.400000 0.400000 0.400000 0.400000 0.400000 0.400000 0.400000 0.400000 0.400000 0.400000 0.400000 0.400000 0.400000 0.400000 0.400000 0.400000 0.400000 0.400000 0.200000 0.200000 0.200000 0.200000 0.200000 0.200000 0.200000 0.200000 0.200000 0.200000 0.200000 0.200000 0.200000 0.200000 0.200000 0.200000 0.200000 0.200000 0.200000
0.400000 0.400000 0.400000 0.400000 0.400000 0.400000 0.400000 0.400000 0.400000 0.400000 0.400000 0.400000 0.400000 0.400000 0.400000 0.400000 0.400000 0.400000 0.400000 0.400000 0.400000 0.400000 0.400000 0.400000 0.400000 0.400000 0.400000 0.400000 0.400000 0.400000 0.400000 0.400000 0.400000 0.400000 0.400000 0.400000 0.400000 0.400000 0.400000 0.400000 0.400000 0.400000 0.200000 0.200000 0.200000 0.200000 0.200000 0.200000 0.200000 0.200000 0.200000 0.200000 0.200000 0.200000 0.200000 0.200000 0.200000 0.200000 0.200000 0.200000 0.200000 0.200000 0.200000
0.400000 0.400000 0.400000 0.400000 0.400000 0.400000 0.400000 0.400000 0.400000 0.400000 0.400000 0.400000 0.400000 0.400000 0.400000 0.400000 0.400000 0.400000 0.400000 0.400000 0.400000 0.400000 0.400000 0.400000 0.400000 0.400000 0.400000 0.400000 0.400000 0.400000 0.400000 0.400000 0.400000 0.400000 0.400000 0.400000 0.400000 0.820000 0.830000 0.870000 0.870000 0.870000 0.200000 0.200000 0.200000 0.200000 0.200000 0.200000 0.200000 0.200000 0.200000 0.200000 0.200000 0.200000 0.200000 0.200000 0.200000 0.200000 0.200000 0.200000 0.200000 0.200000 0.200000
0.400000 0.400000 0.400000 0.400000 0.400000 0.400000 0.400000 0.400000 0.435000 0.425000 0.415000 0.405000 0.395000 0.400000 0.400000 0.400000 0.400000 0.400000 0.400000 0.400000 0.400000 0.390000 0.390000 0.415000 0.400000 0.400000 0.400000 0.400000 0.400000 0.400000 0.400000 0.400000 0.400000 0.400000 0.400000 0.400000 0.810000 0.830000 0.850000 0.870000 0.870000 0.870000 0.870000 0.200000 0.200000 0.200000 0.200000 0.200000 0.200000 0.200000 0.200000 0.200000 0.200000 0.200000 0.200000 0.200000 0.200000 0.200000 0.200000 0.200000 0.200000 0.200000 0.200000
0.415000 0.420000 0.425000 0.430000 0.435000 0.440000 0.445000 0.445000 0.440000 0.435000 0.430000 0.420000 0.410000 0.400000 0.390000 0.380000 0.390000 0.395000 0.400000 0.405000 0.405000 0.405000 0.400000 0.425000 0.445000 0.470000 0.400000 0.400000 0.400000 0.400000 0.400000 0.400000 0.690000 0.700000 0.720000 0.730000 0.760000 0.790000 0.820000 0.820000 0.780000 0.740000 0.710000 0.680000 0.660000 0.200000 0.200000 0.200000 0.200000 0.200000 0.200000 0.200000 0.200000 0.200000 0.200000 0.200000 0.200000 0.200000 0.200000 0.200000 0.200000 0.200000 0.200000
0.420000 0.420000 0.425000 0.430000 0.435000 0.440000 0.440000 0.440000 0.440000 0.435000 0.430000 0.425000 0.420000 0.410000 0.405000 0.395000 0.395000 0.400000 0.405000 0.405000 0.405000 0.405000 0.405000 0.450000 0.460000 0.475000 0.490000 0.500000 0.530000 0.560000 0.580000 0.690000 0.690000 0.700000 0.710000 0.720000 0.740000 0.760000 0.770000 0.760000 0.740000 0.710000 0.690000 0.670000 0.640000 0.630000 0.610000 0.200000 0.200000 0.200000 0.200000 0.200000 0.200000 0.200000 0.200000 0.200000 0.200000 0.200000 0.200000 0.200000 0.200000 0.200000 0.200000
0.420000 0.425000 0.425000 0.430000 0.435000 0.435000 0.440000 0.440000 0.440000 0.435000 0.435000 0.430000 0.425000 0.420000 0.415000 0.405000 0.405000 0.405000 0.410000 0.410000 0.410000 0.410000 0.415000 0.465000 0.475000 0.480000 0.490000 0.500000 0.520000 0.540000 0.550000 0.680000 0.690000 0.690000 0.700000 0.710000 0.720000 0.730000 0.740000 0.710000 0.700000 0.680000 0.660000 0.640000 0.620000 0.610000 0.590000 0.440000 0.440000 0.440000 0.200000 0.200000 0.200000 0.200000 0.200000 0.200000 0.200000 0.200000 0.200000 0.200000 0.200000 0.200000 0.200000
0.420000 0.425000 0.430000 0.430000 0.435000 0.440000 0.440000 0.445000 0.440000 0.440000 0.435000 0.435000 0.430000 0.425000 0.425000 0.410000 0.410000 0.415000 0.415000 0.415000 0.420000 0.420000 0.420000 0.475000 0.480000 0.485000 0.495000 0.500000 0.510000 0.530000 0.540000 0.670000 0.680000 0.680000 0.690000 0.690000 0.700000 0.710000 0.710000 0.670000 0.660000 0.650000 0.630000 0.610000 0.590000 0.580000 0.560000 0.435000 0.440000 0.440000 0.200000 0.200000 0.200000 0.200000 0.200000 0.200000 0.200000 0.200000 0.200000 0.200000 0.200000 0.200000 0.200000
0.420000 0.425000 0.430000 0.435000 0.435000 0.440000 0.445000 0.450000 0.445000 0.445000 0.440000 0.440000 0.435000 0.435000 0.430000 0.420000 0.420000 0.420000 0.420000 0.420000 0.425000 0.425000 0.425000 0.480000 0.485000 0.490000 0.495000 0.500000 0.510000 0.520000 0.530000 0.660000 0.670000 0.670000 0.680000 0.680000 0.690000 0.690000 0.690000 0.640000 0.630000 0.620000 0.600000 0.580000 0.560000 0.550000 0.530000 0.435000 0.435000 0.440000 0.200000 0.200000 0.200000 0.200000 0.200000 0.200000 0.200000 0.200000 0.200000 0.200000 0.200000 0.200000 0.200000
0.420000 0.420000 0.430000 0.435000 0.440000 0.445000 0.450000 0.455000 0.455000 0.450000 0.445000 0.440000 0.440000 0.435000 0.435000 0.425000 0.425000 0.425000 0.425000 0.425000 0.430000 0.435000 0.435000 0.485000 0.485000 0.490000 0.495000 0.500000 0.510000 0.520000 0.530000 0.650000 0.650000 0.660000 0.660000 0.670000 0.670000 0.670000 0.670000 0.620000 0.610000 0.600000 0.580000 0.560000 0.540000 0.510000 0.500000 0.430000 0.435000 0.435000 0.440000 0.200000 0.200000 0.200000 0.200000 0.200000 0.200000 0.200000 0.200000 0.200000 0.200000 0.200000 0.200000
0.410000 0.420000 0.425000 0.435000 0.445000 0.450000 0.460000 0.465000 0.460000 0.455000 0.450000 0.445000 0.440000 0.440000 0.440000 0.430000 0.430000 0.430000 0.430000 0.435000 0.435000 0.440000 0.445000 0.480000 0.485000 0.490000 0.495000 0.500000 0.520000 0.530000 0.540000 0.620000 0.630000 0.640000 0.650000 0.660000 0.660000 0.660000 0.650000 0.610000 0.600000 0.590000 0.560000 0.540000 0.510000 0.485000 0.475000 0.425000 0.430000 0.435000 0.440000 0.445000 0.200000 0.200000 0.200000 0.200000 0.200000 0.200000 0.200000 0.200000 0.200000 0.200000 0.200000
0.405000 0.415000 0.425000 0.435000 0.450000 0.460000 0.475000 0.475000 0.465000 0.460000 0.450000 0.445000 0.445000 0.440000 0.440000 0.435000 0.435000 0.435000 0.435000 0.435000 0.440000 0.450000 0.455000 0.475000 0.485000 0.490000 0.495000 0.510000 0.520000 0.540000 0.550000 0.600000 0.620000 0.630000 0.640000 0.650000 0.650000 0.640000 0.640000 0.610000 0.600000 0.580000 0.560000 0.520000 0.490000 0.470000 0.445000 0.420000 0.425000 0.435000 0.440000 0.445000 0.455000 0.460000 0.465000 0.470000 0.470000 0.470000 0.200000 0.200000 0.200000 0.200000 0.200000
0.405000 0.415000 0.425000 0.435000 0.445000 0.460000 0.475000 0.480000 0.470000 0.465000 0.455000 0.455000 0.450000 0.445000 0.440000 0.440000 0.440000 0.440000 0.445000 0.445000 0.450000 0.455000 0.460000 0.480000 0.485000 0.490000 0.495000 0.500000 0.520000 0.530000 0.550000 0.550000 0.540000 0.540000 0.530000 0.540000 0.540000 0.560000 0.580000 0.550000 0.495000 0.475000 0.455000 0.445000 0.435000 0.425000 0.420000 0.420000 0.420000 0.425000 0.430000 0.435000 0.440000 0.450000 0.460000 0.470000 0.465000 0.465000 0.465000 0.200000 0.200000 0.200000 0.200000
0.410000 0.420000 0.425000 0.435000 0.445000 0.450000 0.460000 0.470000 0.465000 0.460000 0.455000 0.450000 0.450000 0.445000 0.445000 0.440000 0.440000 0.440000 0.440000 0.445000 0.450000 0.450000 0.455000 0.485000 0.485000 0.490000 0.495000 0.500000 0.510000 0.520000 0.530000 0.540000 0.530000 0.530000 0.520000 0.520000 0.530000 0.540000 0.550000 0.485000 0.475000 0.465000 0.450000 0.440000 0.435000 0.425000 0.425000 0.420000 0.420000 0.425000 0.430000 0.435000 0.440000 0.445000 0.450000 0.465000 0.465000 0.465000 0.465000 0.465000 0.200000 0.200000 0.200000
0.415000 0.420000 0.425000 0.435000 0.440000 0.445000 0.450000 0.465000 0.460000 0.455000 0.455000 0.450000 0.445000 0.445000 0.440000 0.435000 0.435000 0.440000 0.440000 0.440000 0.445000 0.450000 0.450000 0.485000 0.490000 0.495000 0.495000 0.500000 0.510000 0.520000 0.520000 0.520000 0.520000 0.510000 0.510000 0.510000 0.510000 0.510000 0.510000 0.460000 0.455000 0.450000 0.440000 0.435000 0.430000 0.425000 0.420000 0.420000 0.420000 0.425000 0.425000 0.430000 0.435000 0.440000 0.440000 0.465000 0.465000 0.465000 0.465000 0.460000 0.460000 0.460000 0.200000
0.415000 0.420000 0.425000 0.430000 0.435000 0.440000 0.445000 0.460000 0.455000 0.455000 0.450000 0.445000 0.445000 0.440000 0.440000 0.430000 0.435000 0.435000 0.440000 0.440000 0.440000 0.445000 0.445000 0.490000 0.490000 0.495000 0.495000 0.500000 0.500000 0.510000 0.510000 0.510000 0.510000 0.500000 0.500000 0.495000 0.495000 0.490000 0.490000 0.440000 0.440000 0.435000 0.430000 0.425000 0.420000 0.420000 0.415000 0.415000 0.420000 0.420000 0.425000 0.430000 0.430000 0.435000 0.435000 0.460000 0.460000 0.460000 0.460000 0.460000 0.460000 0.460000 0.460000
0.415000 0.420000 0.425000 0.430000 0.435000 0.440000 0.445000 0.455000 0.455000 0.450000 0.450000 0.445000 0.440000 0.435000 0.435000 0.425000 0.430000 0.430000 0.435000 0.440000 0.440000 0.445000 0.445000 0.485000 0.490000 0.495000 0.495000 0.500000 0.500000 0.510000 0.510000 0.500000 0.500000 0.495000 0.490000 0.485000 0.480000 0.475000 0.475000 0.425000 0.420000 0.420000 0.420000 0.415000 0.415000 0.410000 0.410000 0.410000 0.415000 0.420000 0.420000 0.425000 0.430000 0.430000 0.435000 0.460000 0.460000 0.460000 0.460000 0.460000 0.460000 0.460000 0.460000
0.410000 0.415000 0.420000 0.430000 0.435000 0.440000 0.445000 0.460000 0.455000 0.450000 0.445000 0.440000 0.435000 0.430000 0.425000 0.420000 0.425000 0.425000 0.430000 0.435000 0.440000 0.440000 0.445000 0.485000 0.485000 0.490000 0.495000 0.500000 0.500000 0.510000 0.510000 0.500000 0.495000 0.490000 0.485000 0.475000 0.470000 0.460000 0.455000 0.405000 0.405000 0.410000 0.410000 0.405000 0.405000 0.405000 0.400000 0.405000 0.410000 0.415000 0.420000 0.425000 0.425000 0.430000 0.435000 0.455000 0.455000 0.455000 0.455000 0.460000 0.500000 0.500000 0.500000
0.400000 0.410000 0.420000 0.430000 0.440000 0.445000 0.455000 0.460000 0.455000 0.450000 0.445000 0.440000 0.430000 0.420000 0.415000 0.410000 0.415000 0.420000 0.430000 0.435000 0.440000 0.445000 0.450000 0.480000 0.485000 0.490000 0.495000 0.500000 0.510000 0.510000 0.520000 0.510000 0.500000 0.490000 0.480000 0.470000 0.455000 0.440000 0.425000 0.390000 0.395000 0.395000 0.400000 0.400000 0.395000 0.395000 0.390000 0.395000 0.400000 0.410000 0.415000 0.420000 0.430000 0.435000 0.435000 0.455000 0.455000 0.455000 0.455000 0.455000 0.500000 0.500000 0.500000
0.395000 0.405000 0.420000 0.430000 0.440000 0.455000 0.465000 0.470000 0.460000 0.455000 0.445000 0.435000 0.425000 0.410000 0.400000 0.395000 0.405000 0.420000 0.425000 0.435000 0.440000 0.445000 0.455000 0.470000 0.480000 0.485000 0.495000 0.500000 0.510000 0.520000 0.540000 0.520000 0.500000 0.490000 0.475000 0.460000 0.440000 0.420000 0.390000 0.370000 0.380000 0.390000 0.395000 0.395000 0.390000 0.385000 0.375000 0.380000 0.395000 0.405000 0.415000 0.420000 0.430000 0.435000 0.440000 0.450000 0.455000 0.455000 0.455000 0.455000 0.500000 0.500000 0.500000
0.390000 0.400000 0.410000 0.420000 0.435000 0.445000 0.460000 0.460000 0.445000 0.430000 0.420000 0.410000 0.400000 0.395000 0.390000 0.385000 0.390000 0.400000 0.405000 0.415000 0.420000 0.430000 0.445000 0.460000 0.460000 0.460000 0.465000 0.470000 0.480000 0.490000 0.510000 0.495000 0.470000 0.450000 0.430000 0.415000 0.400000 0.385000 0.370000 0.355000 0.360000 0.360000 0.365000 0.365000 0.365000 0.365000 0.365000 0.375000 0.385000 0.395000 0.405000 0.410000 0.420000 0.425000 0.435000 0.440000 0.435000 0.430000 0.425000 0.420000 0.500000 0.500000 0.500000
0.395000 0.405000 0.410000 0.420000 0.430000 0.435000 0.445000 0.440000 0.435000 0.425000 0.415000 0.410000 0.400000 0.395000 0.395000 0.390000 0.395000 0.400000 0.405000 0.410000 0.420000 0.425000 0.430000 0.455000 0.455000 0.460000 0.460000 0.465000 0.470000 0.480000 0.485000 0.465000 0.455000 0.440000 0.425000 0.415000 0.400000 0.390000 0.385000 0.360000 0.360000 0.365000 0.365000 0.365000 0.370000 0.370000 0.370000 0.390000 0.390000 0.400000 0.405000 0.410000 0.415000 0.420000 0.425000 0.430000 0.430000 0.425000 0.420000 0.500000 0.500000 0.500000 0.500000
0.405000 0.405000 0.410000 0.420000 0.425000 0.430000 0.430000 0.425000 0.420000 0.415000 0.410000 0.405000 0.400000 0.395000 0.395000 0.395000 0.395000 0.400000 0.405000 0.405000 0.410000 0.415000 0.420000 0.455000 0.455000 0.455000 0.455000 0.460000 0.465000 0.465000 0.470000 0.445000 0.440000 0.430000 0.420000 0.410000 0.405000 0.395000 0.390000 0.365000 0.365000 0.365000 0.365000 0.370000 0.370000 0.370000 0.370000 0.395000 0.395000 0.400000 0.405000 0.410000 0.410000 0.415000 0.420000 0.425000 0.420000 0.420000 0.415000 0.500000 0.500000 0.500000 0.500000
0.405000 0.410000 0.410000 0.415000 0.420000 0.420000 0.425000 0.415000 0.415000 0.410000 0.405000 0.405000 0.400000 0.395000 0.395000 0.390000 0.395000 0.395000 0.400000 0.405000 0.410000 0.410000 0.415000 0.450000 0.450000 0.450000 0.450000 0.455000 0.455000 0.455000 0.455000 0.430000 0.425000 0.420000 0.415000 0.410000 0.405000 0.400000 0.395000 0.365000 0.365000 0.370000 0.370000 0.370000 0.370000 0.375000 0.375000 0.400000 0.400000 0.405000 0.405000 0.405000 0.410000 0.415000 0.415000 0.420000 0.415000 0.415000 0.410000 0.500000 0.500000 0.500000 0.500000
0.410000 0.410000 0.410000 0.415000 0.415000 0.420000 0.420000 0.410000 0.410000 0.405000 0.400000 0.400000 0.395000 0.390000 0.390000 0.390000 0.390000 0.395000 0.400000 0.400000 0.405000 0.410000 0.410000 0.445000 0.445000 0.445000 0.445000 0.445000 0.445000 0.445000 0.445000 0.420000 0.415000 0.415000 0.410000 0.405000 0.400000 0.400000 0.395000 0.370000 0.370000 0.370000 0.370000 0.375000 0.375000 0.375000 0.375000 0.400000 0.400000 0.405000 0.405000 0.405000 0.410000 0.410000 0.410000 0.410000 0.410000 0.410000 0.500000 0.500000 0.500000 0.500000 0.500000
0.410000 0.410000 0.410000 0.415000 0.415000 0.415000 0.415000 0.405000 0.405000 0.400000 0.400000 0.395000 0.390000 0.385000 0.385000 0.385000 0.385000 0.390000 0.395000 0.400000 0.405000 0.405000 0.410000 0.435000 0.440000 0.440000 0.440000 0.440000 0.440000 0.435000 0.435000 0.410000 0.410000 0.410000 0.405000 0.405000 0.400000 0.395000 0.390000 0.370000 0.370000 0.370000 0.375000 0.375000 0.375000 0.380000 0.380000 0.400000 0.405000 0.405000 0.405000 0.405000 0.410000 0.410000 0.410000 0.410000 0.410000 0.405000 0.405000 0.400000 0.500000 0.390000 0.390000
0.410000 0.410000 0.410000 0.410000 0.410000 0.410000 0.410000 0.400000 0.400000 0.400000 0.395000 0.390000 0.385000 0.380000 0.375000 0.375000 0.380000 0.385000 0.390000 0.395000 0.400000 0.405000 0.410000 0.430000 0.430000 0.435000 0.435000 0.435000 0.430000 0.425000 0.425000 0.405000 0.405000 0.405000 0.400000 0.400000 0.395000 0.390000 0.385000 0.370000 0.370000 0.375000 0.375000 0.375000 0.380000 0.380000 0.385000 0.400000 0.405000 0.405000 0.405000 0.405000 0.410000 0.410000 0.410000 0.410000 0.405000 0.405000 0.400000 0.395000 0.390000 0.385000 0.380000
0.410000 0.410000 0.410000 0.410000 0.410000 0.405000 0.405000 0.400000 0.400000 0.395000 0.395000 0.390000 0.380000 0.375000 0.365000 0.365000 0.375000 0.385000 0.390000 0.395000 0.400000 0.405000 0.410000 0.420000 0.425000 0.430000 0.430000 0.430000 0.425000 0.420000 0.410000 0.400000 0.400000 0.400000 0.400000 0.395000 0.390000 0.385000 0.380000 0.370000 0.370000 0.375000 0.375000 0.380000 0.380000 0.385000 0.390000 0.400000 0.405000 0.405000 0.405000 0.405000 0.405000 0.410000 0.410000 0.410000 0.405000 0.405000 0.400000 0.395000 0.385000 0.380000 0.370000
